att1	att2	Phenotype	Fitness	Accuracy	Numerosity	AveMatchSetSize	TimeStampGA	InitTimeStamp	Specificity	DeletionProb	CorrectCount	MatchCount
-1.147;-0.157	0.194;1.840	100000000000000	0.028	0.489	7	188.93	399996	322135	1.00		1001	4452
0.426;1.397	0.205;0.852	000000000010000	0.127	0.662	4	160.50	399978	333573	1.00		380	2185
0.167;1.109	0.143;0.737	000001110010000	0.203	0.727	1	201.38	399887	340429	1.00		426	6050
#	-1.172;0.281	100001001011000	0.086	0.613	1	216.67	399835	347683	0.50		374	41165
-0.632;0.244	-2.316;-0.298	001001001000000	0.073	0.593	2	241.30	399989	352489	1.00		474	11553
-0.612;0.238	0.122;2.726	000000000010010	0.028	0.488	1	211.00	399953	363392	1.00		679	6696
-1.317;-0.728	-1.333;-0.240	000000000100000	0.355	0.813	1	133.58	399971	363499	1.00		574	834
-1.610;-0.015	-0.926;0.546	100101001101000	0.062	0.574	2	213.64	399929	367243	1.00		374	15374
-0.180;1.432	-0.911;-0.164	000001001000101	0.182	0.711	2	222.59	399987	368532	1.00		225	9184
-0.333;0.883	0.614;3.230	000010000010000	0.220	0.739	1	157.60	399983	373156	1.00		691	1687
-0.057;1.048	-0.516;0.864	000001011010000	0.147	0.681	2	210.48	399939	374076	1.00		185	11495
-0.566;1.214	-1.230;-0.252	001001001000100	0.098	0.628	4	225.26	399749	374585	1.00		144	9270
-0.617;-0.122	-0.871;0.374	110101001011000	0.129	0.664	2	232.60	399964	375308	1.00		142	6823
-1.106;0.227	-0.997;-0.154	001101001101000	0.066	0.580	3	222.16	399818	378149	1.00		186	7974
-1.733;-0.455	-0.779;-0.109	000100000100000	0.048	0.545	2	174.46	399997	378328	1.00		124	2108
#	-0.764;0.241	110001001011000	0.070	0.588	2	213.88	399972	378502	0.50		183	15655
-0.306;0.284	-2.378;-0.192	001001001001101	0.302	0.787	2	256.62	399950	378901	1.00		573	4679
#	-0.905;0.176	000001011011101	0.114	0.648	1	211.35	399986	379117	0.50		1075	15294
#	0.482;3.230	000010000010000	0.056	0.562	1	165.77	399983	379263	0.50		535	2550
-0.609;1.332	-1.076;0.019	101001011011100	0.160	0.693	2	220.82	399903	379597	1.00		146	11564
-0.740;0.098	-1.009;0.218	101101001011000	0.103	0.635	3	222.90	399753	379932	1.00		86	8981
-0.020;1.687	0.366;0.960	000010100010000	0.058	0.565	1	170.02	399510	380637	1.00		82	2355
0.064;0.654	0.372;0.870	000000100010000	0.087	0.614	1	178.81	399571	381397	1.00		53	1624
-0.546;0.425	#	001001001001101	0.050	0.549	1	225.85	399950	381435	0.50		504	13438
-0.442;0.330	0.158;0.733	100001010010010	0.264	0.766	2	213.90	399947	381549	1.00		921	3188
-1.225;0.330	0.007;0.733	100001010010010	0.141	0.676	3	212.60	399947	381602	1.00		918	4910
-1.317;-0.728	-2.188;-0.240	000000000100000	0.350	0.811	1	133.58	399971	381993	1.00		282	412
-2.139;0.403	-0.515;0.884	100001011011000	0.134	0.669	1	216.14	399991	382069	1.00		306	11666
0.071;0.776	-1.296;0.388	000001011010101	0.299	0.786	2	228.51	399904	382894	1.00		244	4777
0.507;4.194	#	000001000000000	0.068	0.584	3	179.44	399994	383642	0.50		305	1850
0.341;0.912	-0.832;1.306	000001010010000	0.131	0.666	1	186.77	399948	383687	1.00		282	3130
-0.058;1.180	-1.193;0.245	000001010000100	0.068	0.584	1	215.69	399357	384678	1.00		22	6224
-0.499;0.378	#	001001001001101	0.054	0.558	1	232.41	399950	385192	0.50		402	9974
#	-0.382;0.174	100001011011100	0.260	0.764	2	226.77	399998	385204	0.50		1252	6226
-0.065;0.916	-1.336;0.425	000001011011100	0.284	0.778	2	220.53	399993	385484	1.00		520	6274
0.115;0.464	#	000001100010000	0.027	0.485	1	212.95	399958	385550	0.50		392	3524
-0.446;0.393	-1.015;-0.081	001001011001101	0.251	0.759	2	239.67	399667	385687	1.00		100	5129
#	0.711;1.229	000010000000000	0.032	0.503	5	147.89	399967	386100	0.50		80	557
#	0.205;0.852	000000000010000	0.018	0.447	2	192.72	399978	386957	0.50		75	3076
-2.164;0.789	-0.376;0.448	110001001001000	0.055	0.560	1	228.20	399951	387025	1.00		316	6681
-1.180;-0.077	#	110001001001000	0.047	0.542	1	205.00	399951	387255	0.50		307	5412
0.583;1.733	-0.020;0.279	000001000010000	0.689	0.928	1	198.37	399977	387395	1.00		162	234
#	0.158;0.706	100001010010010	0.167	0.699	2	208.02	399947	387734	0.50		612	2835
-0.273;1.117	-1.125;0.236	000001011010100	0.224	0.742	4	222.38	399902	387768	1.00		226	6566
#	-1.139;-0.564	000001001000000	0.075	0.596	1	190.50	399865	387769	0.50		140	2173
0.199;0.751	0.614;3.300	000010000010000	0.534	0.882	2	153.05	399983	387862	1.00		294	450
-0.677;0.595	#	000001001000100	0.028	0.490	1	217.03	399942	388323	0.50		150	10024
-1.297;0.238	0.122;2.726	000000000010010	0.023	0.469	1	209.67	399953	388556	1.00		211	2169
-0.473;0.441	0.328;2.726	000000000010010	0.054	0.558	1	178.46	399953	388556	1.00		211	1859
0.129;1.424	-0.020;1.665	000001000010000	0.133	0.668	1	192.16	399977	388827	1.00		255	1885
#	-1.555;0.031	000101001101000	0.035	0.513	2	210.71	399785	388936	0.50		77	7105
0.583;1.142	-0.451;1.791	000001000010000	0.475	0.862	1	182.37	399977	389141	1.00		370	729
-0.085;1.239	-0.661;-0.086	101001011011101	0.266	0.767	1	230.75	399928	389226	1.00		61	2513
#	0.143;0.737	000001110010000	0.070	0.587	1	205.82	399887	389402	0.50		75	2708
#	-0.490;1.608	100001001001000	0.030	0.497	2	210.65	399913	389428	0.50		30	8261
#	0.083;1.233	100000000010010	0.032	0.503	2	193.52	399949	389464	0.50		61	3346
-0.690;-0.062	-0.885;0.284	100101001111000	0.131	0.666	1	226.50	399985	389467	1.00		32	3344
#	-1.230;-0.252	001001001000100	0.051	0.551	3	211.85	399749	389650	0.50		59	4411
-0.188;1.145	-1.296;0.388	000001011010101	0.214	0.735	1	222.78	399904	389773	1.00		147	5272
0.167;1.109	0.143;1.632	000001110010000	0.105	0.637	2	180.21	399887	389904	1.00		73	1272
0.583;1.733	#	000001000010000	0.347	0.809	2	175.36	399977	390119	0.50		340	867
-0.112;0.669	0.232;0.945	000001100010000	0.087	0.614	3	189.13	399958	390136	1.00		268	1468
-0.717;1.181	-0.804;0.590	000001010010100	0.050	0.549	2	213.86	399979	390193	1.00		210	8403
-0.818;0.572	-0.786;-0.172	001001011001100	0.106	0.638	1	218.86	399425	390218	1.00		28	3988
-1.924;-0.157	0.194;1.840	100000000000000	0.028	0.488	1	188.93	399996	390233	1.00		124	557
-0.355;0.542	#	000001011011000	0.133	0.668	1	224.29	399870	390296	0.50		166	6568
-0.379;0.284	-1.265;-0.192	001001001001101	0.267	0.768	1	254.21	399950	390394	1.00		258	2364
0.507;5.082	#	000001000000000	0.068	0.584	3	179.44	399994	390429	0.50		180	1081
0.507;4.739	#	000001000000000	0.067	0.583	1	179.44	399994	390708	0.50		173	1053
-0.481;0.719	-0.436;0.369	000001011011100	0.366	0.818	1	246.45	399993	390758	1.00		332	4086
0.045;0.617	0.232;1.950	000001100010000	0.118	0.652	1	186.51	399958	390835	1.00		249	959
#	-0.404;0.308	000001011011101	0.150	0.684	1	231.05	399986	391053	0.50		369	4523
-3.848;0.275	-0.817;0.391	110101001001000	0.051	0.551	1	222.69	399876	391097	1.00		102	5424
-0.606;0.423	-1.137;0.262	001001011011101	0.200	0.725	3	238.88	399830	391262	1.00		25	4985
#	-0.382;0.389	100001011011100	0.234	0.748	1	226.28	399998	391313	0.50		739	4415
-0.792;0.098	-1.912;0.218	101101001011000	0.096	0.626	1	222.90	399753	391365	1.00		36	3948
-0.611;1.602	#	100001011011100	0.125	0.660	1	212.21	399998	391445	0.50		727	7819
-0.621;0.064	-0.867;0.034	001101011011100	0.145	0.679	2	243.74	399840	391452	1.00		13	2815
-1.473;-0.728	-2.202;-0.504	000000000100000	1.000	1.000	1	121.83	399971	391583	1.00		96	96
#	-0.515;0.884	100001011011000	0.116	0.650	3	211.45	399991	391637	0.50		143	6603
-0.765;0.016	-0.778;-0.011	101101001111000	0.111	0.644	2	220.65	399400	391711	1.00		11	2488
-0.924;0.218	0.122;2.726	000000000010010	0.023	0.472	1	209.53	399953	391723	1.00		152	1538
0.583;1.424	-0.020;1.665	000001000010000	0.551	0.888	1	176.71	399977	391777	1.00		174	306
-0.658;0.447	#	100001010010000	0.036	0.513	2	218.90	399770	391782	0.50		23	6424
-0.707;0.057	-1.172;0.281	100001001011000	0.128	0.663	2	224.97	399835	391842	1.00		57	3503
-0.611;0.268	#	100001011011100	0.165	0.697	2	232.72	399998	392000	0.50		682	5101
-0.677;-0.086	-0.764;0.241	110001001011000	0.132	0.667	1	227.62	399972	392010	1.00		67	2154
-1.114;-0.621	#	110000000000000	0.025	0.478	4	165.19	399965	392078	0.50		136	623
-0.481;0.719	0.026;0.369	000001011011100	0.274	0.772	1	245.77	399993	392086	1.00		81	1119
-2.164;-0.077	-0.376;0.772	110001001001000	0.077	0.598	3	213.62	399951	392148	1.00		188	2164
-0.112;0.939	#	000001100010000	0.023	0.470	1	209.53	399958	392161	0.50		214	4667
#	-0.369;0.644	000001011011000	0.109	0.642	1	222.86	399870	392181	0.50		132	4723
0.167;0.240	#	000001110010000	0.047	0.543	2	245.13	399763	392198	0.50		22	381
0.967;1.289	-1.056;-0.169	000001000000000	1.000	1.000	1	144.64	399765	392305	1.00		11	11
#	-0.783;0.195	000001010010100	0.036	0.514	1	211.90	399979	392339	0.50		164	5483
-0.855;-0.340	-0.522;-0.097	100100001100000	0.131	0.666	2	204.53	399629	392415	1.00		42	691
#	-1.620;0.031	000101001101000	0.035	0.513	1	210.71	399785	392431	0.50		52	4860
0.045;0.669	0.232;0.945	000001100010000	0.124	0.659	2	186.40	399958	392613	1.00		201	795
#	-0.426;0.391	110101001001000	0.041	0.529	2	222.08	399876	392665	0.50		84	4104
#	-1.124;-0.038	100001011011101	0.111	0.644	1	211.52	399982	392671	0.50		312	4371
-0.611;0.268	-0.116;0.174	100001011011100	0.572	0.894	2	248.83	399954	392768	1.00		424	951
#	0.069;2.247	100001000010010	0.085	0.611	2	193.52	399970	392926	0.50		183	2287
-0.695;0.303	#	100001000010010	0.022	0.465	1	224.76	399970	392926	0.50		183	4924
-1.768;-0.621	-0.554;0.886	110000000000000	0.069	0.586	3	171.96	399965	393012	1.00		119	449
-0.280;0.730	0.614;3.300	000010000010000	0.252	0.759	1	157.72	399983	393148	1.00		177	402
-0.717;1.181	-0.804;0.116	000001010010100	0.044	0.535	1	213.03	399979	393182	1.00		135	4322
-1.006;-0.245	-1.127;-0.130	000000001100000	0.020	0.457	2	203.49	399793	393198	1.00		30	1235
-0.725;0.238	0.122;2.726	000000000010010	0.025	0.477	2	210.98	399953	393304	1.00		124	1244
#	0.232;1.950	000001100010000	0.051	0.551	4	181.70	399958	393352	0.50		180	1494
#	-0.426;1.492	000001010010100	0.051	0.552	1	210.61	399979	393475	0.50		140	4771
0.129;1.424	#	000001000010000	0.066	0.580	1	199.58	399977	393507	0.50		231	2454
-1.068;-0.269	-0.580;0.014	100100000100000	0.035	0.512	1	202.86	399969	393678	1.00		72	968
#	-0.024;0.733	100001010010010	0.109	0.642	2	207.95	399947	393732	0.50		314	2328
0.583;1.733	-0.724;0.560	000001000010000	0.426	0.843	1	189.82	399977	393773	1.00		211	442
-0.280;0.883	0.614;3.300	000010000010000	0.252	0.759	2	157.72	399983	393847	1.00		159	361
#	-0.516;0.864	000001011010000	0.067	0.582	2	211.45	399939	393885	0.50		44	4824
-0.499;0.053	-0.755;-0.065	001001011011100	0.245	0.755	2	257.32	399545	393953	1.00		9	1359
#	-0.338;0.410	110001001001000	0.059	0.567	2	224.88	399951	394015	0.50		146	2822
#	-0.020;0.279	000001000010000	0.029	0.494	1	232.20	399977	394041	0.50		76	1074
-1.957;0.812	#	100001011011000	0.083	0.609	2	214.50	399991	394054	0.50		100	5739
0.848;5.061	-1.486;0.030	000001000000000	0.405	0.835	1	165.58	399994	394076	1.00		61	121
-0.306;0.624	#	000001001001101	0.063	0.575	3	223.80	399984	394085	0.50		277	4002
0.167;0.808	0.143;0.737	000001110010000	0.211	0.733	1	202.36	399887	394098	1.00		43	548
0.451;4.194	-1.486;0.030	000001000000000	0.057	0.564	1	189.13	399994	394127	1.00		110	588
-1.106;0.990	-1.208;0.115	001101001101000	0.029	0.491	1	211.36	399818	394142	1.00		49	4093
-0.381;0.628	0.074;0.764	000001010010010	0.147	0.682	1	211.34	399739	394147	1.00		9	1449
-0.337;0.615	-0.047;0.566	000001010010000	0.178	0.708	1	229.06	399995	394159	1.00		77	1376
0.373;4.194	-1.692;0.030	000001000000000	0.041	0.527	1	191.64	399994	394173	1.00		109	679
#	-0.562;0.837	000001010010100	0.047	0.543	1	213.22	399979	394200	0.50		124	4717
#	-1.167;0.213	000001011001101	0.088	0.615	4	211.15	399941	394349	0.50		40	4283
-0.379;0.287	-1.081;-0.237	001001001001101	0.281	0.776	1	253.52	399950	394465	1.00		150	1261
-0.818;0.572	-0.617;-0.172	001001011001100	0.096	0.625	1	224.92	399425	394532	1.00		14	1704
-0.658;0.599	-1.124;0.101	100001011011101	0.207	0.730	2	228.04	399982	394602	1.00		230	3105
-0.707;0.057	#	100001001011000	0.104	0.636	1	215.51	399835	394638	0.50		37	2835
#	-0.425;0.514	000001011010100	0.107	0.639	1	220.69	399822	394639	0.50		77	3337
#	-0.395;0.774	000001011011000	0.090	0.618	1	217.47	399870	394662	0.50		91	3666
-2.164;0.706	#	110001001001000	0.026	0.480	1	214.50	399951	394714	0.50		129	5051
-0.273;0.903	#	000001011010100	0.142	0.676	1	216.10	399902	394730	0.50		97	3793
-0.740;0.098	-1.012;0.218	101101001011000	0.102	0.634	1	222.90	399753	394860	1.00		21	2311
-0.271;0.910	-0.905;0.308	000001011011101	0.303	0.788	1	226.56	399986	394906	1.00		263	2745
0.045;0.669	#	000001100010000	0.026	0.483	1	214.66	399958	394909	0.50		139	1948
-0.065;0.719	-0.726;0.520	000001011011100	0.302	0.787	2	227.62	399993	394910	1.00		183	2102
-0.273;1.117	#	000001011010100	0.135	0.670	1	213.90	399902	394929	0.50		92	3723
-0.112;0.825	#	000001100010000	0.020	0.458	1	220.14	399958	394957	0.50		138	2870
0.008;1.323	-0.832;1.306	000001010010000	0.081	0.605	1	205.66	399995	394980	1.00		125	2352
#	-0.047;0.566	000001010010000	0.092	0.620	3	215.93	399995	395003	0.50		103	1616
#	-0.726;0.520	000001011011100	0.117	0.651	1	219.33	399993	395100	0.50		175	4023
-0.365;0.407	0.007;0.706	100001010010010	0.208	0.730	1	223.20	399947	395130	1.00		244	1080
-1.147;-0.157	0.194;1.592	100000000000000	0.027	0.487	1	188.93	399996	395229	1.00		60	270
-0.818;0.572	#	001001011001100	0.044	0.536	1	214.70	399425	395231	0.50		12	4256
-3.848;0.275	-0.702;0.257	110101001001000	0.065	0.579	3	228.77	399876	395232	1.00		55	2469
-1.957;0.812	-0.760;0.884	100001011011000	0.094	0.623	1	214.83	399991	395304	1.00		79	4279
-2.197;0.238	0.122;2.726	000000000010010	0.023	0.470	2	209.67	399953	395315	1.00		86	888
-0.798;0.063	-2.590;-0.178	001001001100000	0.047	0.542	2	220.55	399901	395329	1.00		39	1370
-0.620;0.624	-1.101;-0.319	000001001001101	0.207	0.730	1	228.40	399984	395330	1.00		219	1425
#	-0.239;0.101	100001011011101	0.216	0.736	1	216.95	399875	395339	0.50		73	1189
-3.257;0.216	-0.426;0.391	110101001001000	0.078	0.601	1	227.40	399876	395421	1.00		53	1809
-0.194;0.282	#	000001011011101	0.188	0.716	1	244.87	399959	395442	0.50		123	1859
#	-1.315;-0.564	000001001000000	0.075	0.595	1	190.50	399865	395458	0.50		52	809
0.496;1.353	#	000001000000000	0.053	0.557	2	180.76	399994	395474	0.50		85	556
-0.355;0.455	#	000001011011000	0.136	0.670	1	225.55	399870	395478	0.50		77	2828
#	0.083;0.780	100000000010010	0.035	0.512	1	200.91	399949	395484	0.50		25	1376
0.671;1.733	-0.020;1.672	000001000010000	0.655	0.919	1	168.68	399977	395501	1.00		87	115
-2.164;-0.077	-0.338;0.410	110001001001000	0.133	0.668	1	219.93	399951	395544	1.00		110	968
#	-0.376;0.410	110001001001000	0.056	0.561	1	226.23	399951	395585	0.50		109	2252
#	-1.280;-0.289	000001001001101	0.094	0.623	1	211.13	399984	395620	0.50		201	1724
#	-0.769;0.439	100101011011100	0.116	0.649	2	213.89	399854	395660	0.50		19	3482
-0.276;0.391	-1.124;0.101	100001011011101	0.401	0.833	1	244.67	399982	395681	1.00		184	1520
-0.530;1.332	-1.076;0.019	101001011011100	0.169	0.701	1	221.80	399903	395709	1.00		30	2354
#	0.711;1.278	000010000000000	0.032	0.502	1	147.89	399967	395740	0.50		25	172
-0.442;0.330	-0.024;0.733	100001010010010	0.201	0.725	2	220.03	399947	395753	1.00		210	1012
-0.248;0.910	#	000001011011101	0.150	0.685	1	214.45	399986	395792	0.50		216	2967
-0.580;-0.409	-1.265;0.048	001001001001101	0.048	0.546	1	202.11	395819	395819	1.00		0	255
#	-0.291;0.380	100001001011100	0.166	0.698	1	220.43	399461	395824	0.50		11	1779
-0.667;0.057	#	100001001011000	0.117	0.651	1	221.07	399835	395942	0.50		28	2062
#	0.158;0.733	100001010010010	0.149	0.683	2	205.82	399947	396005	0.50		199	994
#	-0.785;0.644	000001011011000	0.084	0.609	1	213.15	399870	396060	0.50		67	3545
#	-0.726;0.545	000001011011100	0.114	0.647	1	219.33	399993	396061	0.50		143	3291
-0.684;0.599	-0.599;-0.024	100001011011101	0.271	0.770	1	230.09	399982	396166	1.00		162	1473
-0.658;0.554	-0.573;0.101	100001011011101	0.325	0.799	2	234.75	399982	396166	1.00		162	1595
0.282;0.624	-1.101;-0.319	000001001001101	0.318	0.795	1	215.51	399984	396210	1.00		49	234
-0.834;-0.186	#	000001001100000	0.016	0.439	1	197.86	399855	396242	0.50		17	1216
-0.182;1.132	0.614;3.300	000010000010000	0.301	0.786	2	150.42	399983	396250	1.00		95	206
-0.365;0.330	#	100001010010010	0.050	0.549	1	236.50	399947	396348	0.50		179	2049
-0.337;1.045	#	000001010010000	0.058	0.566	1	213.90	399995	396354	0.50		93	2812
0.341;1.670	#	000001010010000	0.122	0.656	2	183.94	399948	396378	0.50		64	758
#	-2.881;-0.192	001001001001101	0.082	0.606	1	210.09	399950	396455	0.50		95	1693
#	-3.050;0.369	000001011011100	0.116	0.650	1	213.85	399993	396574	0.50		122	2806
#	-0.436;0.425	000001011011100	0.156	0.690	1	221.27	399993	396574	0.50		122	2008
1.322;1.733	-0.724;1.493	000001000010000	0.043	0.845	1	187.34	396578	396578	1.00		0	0
0.583;1.424	-0.339;0.447	000001000010000	0.509	0.874	1	193.34	399977	396578	1.00		85	162
-0.248;0.627	#	000001011011101	0.176	0.707	2	223.41	399986	396592	0.50		175	2199
-0.682;0.303	0.186;2.226	100001000010010	0.186	0.714	2	209.72	399970	396652	1.00		84	593
-1.061;0.253	#	101101001101000	0.034	0.507	1	219.86	399453	396657	0.50		4	2364
#	-1.125;0.236	000001011010100	0.082	0.607	3	213.64	399902	396659	0.50		62	2589
0.368;1.181	#	000001010010100	0.134	0.669	2	180.28	399979	396677	0.50		70	656
#	0.122;2.726	000000000010010	0.018	0.450	2	192.67	399953	396713	0.50		60	984
#	-0.547;0.316	100001011011100	0.204	0.727	1	224.24	399998	396739	0.50		282	1989
-0.341;0.624	-1.101;-0.289	000001001001101	0.298	0.785	2	237.61	399984	396764	1.00		153	838
-0.594;1.332	-1.076;0.019	101001011011100	0.164	0.697	1	220.84	399903	396801	1.00		24	1806
-1.147;-0.157	0.194;1.866	100000000000000	0.027	0.487	1	188.93	399996	396825	1.00		40	177
#	-0.616;-0.564	000001001000000	0.024	0.476	1	195.46	396856	396856	0.50		0	123
0.832;5.082	#	000001000000000	0.180	0.710	1	159.67	399994	396872	0.50		33	100
-0.611;0.923	-0.382;1.166	100001011011100	0.161	0.694	1	215.88	399998	396877	1.00		271	1968
-0.429;0.466	-1.124;0.101	100001011011101	0.311	0.792	1	237.97	399982	396887	1.00		130	1384
#	-0.369;1.093	000001011011000	0.082	0.607	1	212.81	399870	396914	0.50		52	2054
-1.317;-0.728	-1.310;0.090	000000000100000	0.053	0.556	1	137.15	399971	397008	1.00		47	99
-0.554;0.330	-0.024;0.733	100001010010010	0.173	0.704	1	219.92	399947	397015	1.00		146	762
-0.442;0.330	0.007;0.733	100001010010010	0.212	0.733	3	217.54	399947	397015	1.00		146	665
#	0.186;3.702	100001000010010	0.105	0.637	1	191.88	399970	397031	0.50		77	760
0.426;1.397	-0.110;0.852	000000000010000	0.055	0.559	1	186.76	399978	397065	1.00		17	227
-0.677;0.595	-1.200;0.384	000001001000100	0.056	0.561	2	225.08	399942	397071	1.00		38	2044
-0.379;0.287	#	001001001001101	0.056	0.562	2	240.43	399950	397075	0.50		79	1570
0.341;1.670	-0.593;0.481	000001010010000	0.246	0.755	2	201.95	399948	397077	1.00		52	413
0.167;0.590	-0.049;0.948	000001110010000	0.111	0.644	3	198.73	399887	397091	1.00		20	371
-0.127;0.776	#	000001011010101	0.143	0.678	1	220.34	399904	397108	0.50		41	1640
-0.912;-0.398	-1.031;-0.207	000000000100000	0.028	0.488	2	178.74	399971	397111	1.00		50	313
-0.085;1.732	-0.661;-0.086	101001011011101	0.262	0.765	1	230.75	399928	397132	1.00		16	668
0.178;0.450	-1.200;0.384	000001001000100	0.115	0.649	1	234.88	399867	397146	1.00		12	360
0.674;1.169	-0.451;1.791	000001000010000	0.731	0.939	1	172.10	399977	397166	1.00		94	115
-0.122;0.202	-0.871;0.374	110101001011000	0.070	0.587	1	263.70	397168	397168	1.00		0	599
#	-0.804;0.590	000001010010100	0.040	0.526	2	213.15	399979	397183	0.50		60	2517
#	-2.378;-0.192	001001001001101	0.083	0.608	2	210.09	399950	397217	0.50		75	1328
0.671;1.424	#	000001000010000	0.519	0.877	1	163.21	399977	397247	0.50		89	141
-0.665;0.573	-1.139;-0.564	000001001000000	0.100	0.631	1	203.93	399865	397275	1.00		31	416
#	-0.778;-0.011	101101001111000	0.051	0.551	1	211.94	399400	397303	0.50		3	1533
-0.818;0.572	-0.786;-0.651	001001011001100	0.180	0.709	1	201.27	397328	397328	1.00		0	217
-0.333;1.030	0.614;2.961	000010000010000	0.217	0.736	1	151.97	399983	397342	1.00		69	175
-0.855;-0.340	-0.964;-0.522	100100001100000	0.051	0.550	1	164.89	397363	397363	1.00		0	144
-0.658;0.447	-0.172;0.633	100001010010000	0.148	0.682	1	226.41	399770	397374	1.00		7	914
-0.004;1.234	#	000001000000100	0.017	0.440	1	206.18	399599	397377	0.50		11	1276
-1.610;-0.080	-0.926;0.546	100101001101000	0.070	0.588	1	208.54	399929	397379	1.00		29	1032
0.507;4.194	-1.247;-0.461	000001000000000	0.492	0.868	1	157.16	399994	397390	1.00		43	63
-1.068;-0.269	-0.658;0.089	100100000100000	0.029	0.492	1	199.50	399969	397394	1.00		31	485
0.583;1.424	-0.020;0.421	000001000010000	0.652	0.918	1	194.04	399977	397406	1.00		41	65
0.182;0.811	-0.530;0.388	000001011010101	0.382	0.825	1	229.89	399904	397420	1.00		38	441
-0.383;0.969	-0.237;0.644	000001011011000	0.197	0.723	1	223.68	399870	397421	1.00		44	1066
#	-1.278;-0.339	001001001100000	0.041	0.529	1	206.24	399901	397426	0.50		21	924
-0.682;0.408	0.069;1.649	100001000010010	0.108	0.641	1	203.08	399970	397449	1.00		63	662
0.338;0.776	#	000001011010101	0.123	0.658	1	196.13	399904	397462	0.50		37	435
-0.065;0.719	-3.050;0.369	000001011011100	0.343	0.807	1	233.34	399993	397487	1.00		91	985
#	-0.482;0.553	110001001001000	0.036	0.515	1	220.13	399951	397510	0.50		61	1713
0.674;1.424	-0.451;1.791	000001000010000	0.703	0.932	1	172.10	399977	397529	1.00		78	98
-1.073;0.127	#	000001001101000	0.025	0.478	1	215.64	399729	397547	0.50		11	1520
-0.062;0.700	-0.905;0.138	000001011011101	0.410	0.837	1	228.86	399986	397563	1.00		128	812
-0.271;0.910	-0.905;0.212	000001011011101	0.328	0.800	2	222.22	399986	397563	1.00		128	1234
-0.096;1.292	#	000001100010000	0.023	0.470	1	209.32	399958	397574	0.50		64	1429
-0.241;0.597	0.614;3.300	000010000010000	0.298	0.785	2	157.66	399983	397594	1.00		63	126
-0.629;-0.134	-0.764;0.241	110001001011000	0.172	0.703	1	238.97	399972	397602	1.00		19	562
-0.442;0.330	0.158;0.167	100001010010010	0.021	0.729	1	212.09	397626	397626	1.00		0	0
#	0.007;0.733	100001010010010	0.117	0.651	2	209.06	399947	397626	0.50		116	808
-0.472;0.404	#	001001001001101	0.054	0.557	1	227.39	399950	397633	0.50		63	1605
-0.220;1.026	#	000001011011000	0.118	0.652	1	211.46	399870	397662	0.50		38	1604
-0.764;0.607	-1.139;-0.564	000001001000000	0.085	0.611	2	197.50	399865	397665	1.00		26	366
-0.057;0.551	-0.516;0.864	000001011010000	0.148	0.683	1	227.36	399939	397680	1.00		16	837
-0.250;0.719	-0.375;0.545	000001011011100	0.306	0.789	1	239.61	399993	397706	1.00		83	920
-0.943;-0.010	-0.376;0.410	110001001001000	0.111	0.644	1	226.16	399951	397708	1.00		55	623
-0.611;0.923	-0.382;0.174	100001011011100	0.401	0.833	1	240.58	399998	397713	1.00		200	860
-0.696;0.057	-0.613;0.307	100001001011000	0.184	0.713	1	233.89	399835	397738	1.00		15	761
-0.442;0.330	0.158;0.709	100001010010010	0.292	0.782	1	216.90	399947	397746	1.00		109	364
#	0.232;0.945	000001100010000	0.052	0.554	1	181.70	399958	397753	0.50		62	502
0.507;3.834	#	000001000000000	0.067	0.582	1	179.44	399994	397765	0.50		41	255
0.507;4.739	-1.247;-0.461	000001000000000	0.441	0.849	1	157.30	399994	397765	1.00		34	53
-0.611;0.268	-0.547;0.316	100001011011100	0.379	0.823	1	252.29	399998	397777	1.00		191	860
0.830;1.169	#	000001000010000	0.473	0.861	1	159.67	399977	397782	0.50		42	72
#	0.069;2.812	100001000010010	0.085	0.610	2	193.52	399970	397819	0.50		57	705
0.583;1.169	-0.451;1.791	000001000010000	0.475	0.862	2	182.37	399977	397865	1.00		74	145
-0.306;0.624	-1.280;-0.289	000001001001101	0.311	0.791	1	237.66	399984	397866	1.00		100	532
-0.788;-0.045	-0.041;0.707	100001000000010	0.065	0.578	1	200.33	399618	397903	1.00		6	309
-0.137;0.948	#	000001110010000	0.041	0.529	1	210.11	399887	397906	0.50		14	1280
-0.611;0.742	-1.101;-0.289	000001001001101	0.192	0.719	1	233.26	399984	397920	1.00		95	687
#	-0.515;0.567	100001011011000	0.154	0.688	1	220.17	399991	397928	0.50		35	1469
-2.139;0.434	#	100001011011000	0.091	0.619	1	215.20	399991	397928	0.50		35	1734
-0.658;1.322	-1.124;0.101	100001011011101	0.165	0.698	1	217.63	399982	397943	1.00		88	1308
-0.759;0.022	#	100001000010010	0.022	0.464	1	211.07	399916	397962	0.50		41	1042
0.674;1.169	0.046;1.791	000001000010000	0.690	0.929	1	165.83	399977	397967	1.00		33	42
-2.164;-0.010	#	110001001001000	0.045	0.537	1	210.09	399951	397993	0.50		48	1033
-0.430;0.408	0.069;2.247	100001000010010	0.125	0.660	1	206.14	399970	398050	1.00		48	457
-0.998;0.069	0.085;0.603	100001000000000	0.073	0.592	2	213.12	399452	398054	1.00		7	253
#	-0.761;0.236	000001011010100	0.087	0.614	1	213.89	399902	398057	0.50		36	1412
-0.855;-0.340	#	100100001100000	0.049	0.547	1	189.24	399629	398062	0.50		9	418
#	-1.336;0.425	000001011011100	0.114	0.647	1	213.71	399993	398066	0.50		70	1633
-0.681;-0.014	-1.214;-0.121	001001001101000	0.106	0.638	4	230.03	399927	398071	1.00		18	500
#	-0.616;0.031	000101001101000	0.031	0.500	1	219.12	399785	398116	0.50		11	944
-0.940;-0.293	-0.833;-0.315	000100001100000	0.093	0.622	2	185.90	399955	398145	1.00		17	211
-2.139;1.246	#	100001011011000	0.079	0.602	1	208.69	399991	398192	0.50		29	1807
-0.487;0.580	-1.280;-0.289	000001001001101	0.250	0.758	1	235.46	399984	398196	1.00		88	532
-3.848;0.275	-0.426;0.391	110101001001000	0.072	0.591	3	228.96	399876	398217	1.00		21	753
#	-0.508;0.604	000001000010000	0.023	0.472	1	219.05	399977	398235	0.50		60	1258
#	-1.137;0.262	001001011011101	0.093	0.622	1	216.67	399830	398252	0.50		5	1378
-3.848;0.275	-0.845;0.420	110101001001000	0.049	0.547	1	222.65	399876	398289	1.00		19	1075
0.597;0.659	0.614;3.300	000010000010000	0.132	0.667	1	142.50	398293	398293	1.00		0	2
-1.253;0.099	-0.230;0.575	100000001000000	0.019	0.454	1	221.07	399708	398310	1.00		3	446
#	0.158;0.685	100001010010010	0.177	0.707	1	210.69	399947	398325	0.50		81	369
-0.890;0.323	0.158;0.706	100001010010010	0.236	0.749	2	212.79	399947	398325	1.00		81	289
-0.429;0.554	-1.124;0.101	100001011011101	0.303	0.787	1	234.71	399982	398330	1.00		67	798
#	-1.081;-0.237	001001001001101	0.084	0.609	1	211.82	399950	398332	0.50		44	737
-1.071;0.287	#	001001001001101	0.028	0.488	1	220.10	399950	398332	0.50		44	1229
-0.611;0.268	-0.447;0.512	100001011011100	0.336	0.804	1	243.58	399998	398338	1.00		146	686
#	0.614;3.230	000010000010000	0.185	0.713	1	150.70	399983	398347	0.50		41	112
-0.220;1.214	#	000001011010101	0.124	0.659	1	211.46	399904	398373	0.50		23	1113
-0.617;-0.122	-0.899;0.374	110101001011000	0.127	0.662	1	232.40	399964	398375	1.00		10	457
#	-0.911;-0.164	000001001000101	0.054	0.557	1	210.03	399987	398382	0.50		12	806
0.631;1.181	#	000001010010100	0.089	0.617	1	172.44	399979	398394	0.50		5	122
#	-1.124;0.101	100001011011101	0.117	0.651	2	211.35	399982	398430	0.50		66	1093
-1.317;-0.728	-1.385;0.090	000000000100000	0.055	0.560	2	137.14	399971	398449	1.00		24	50
0.045;0.617	#	000001100010000	0.024	0.475	2	215.36	399958	398452	0.50		43	551
-0.931;-0.251	-0.713;0.531	100101001011000	0.064	0.576	1	202.03	399878	398480	1.00		6	367
-0.062;0.910	-0.905;0.212	000001011011101	0.339	0.805	1	216.08	399986	398482	1.00		79	580
-1.114;-0.746	-0.500;0.765	110000000000000	0.035	0.512	1	152.48	399494	398490	1.00		2	28
-1.068;-0.196	-0.580;0.014	100100000100000	0.022	0.467	1	212.05	399969	398496	1.00		19	275
-0.127;0.776	-1.296;-0.393	000001011010101	0.184	0.713	1	224.23	399904	398506	1.00		8	247
0.071;1.130	-0.442;0.388	000001011010101	0.299	0.786	1	223.91	399904	398506	1.00		19	338
#	0.614;3.300	000010000010000	0.181	0.710	3	150.70	399983	398534	0.50		38	105
-0.065;0.719	-3.050;0.520	000001011011100	0.276	0.773	1	227.48	399993	398559	1.00		51	631
-0.065;0.719	-1.549;0.369	000001011011100	0.340	0.806	2	233.34	399993	398559	1.00		51	559
-0.347;0.434	-0.515;0.884	100001011011000	0.211	0.733	1	231.39	399991	398563	1.00		25	699
-1.245;-0.728	-1.333;0.090	000000000100000	0.047	0.542	1	137.19	399971	398573	1.00		22	48
-1.317;-0.728	-1.385;-0.504	000000000100000	1.000	1.000	2	120.99	399971	398573	1.00		16	16
0.756;1.169	-0.451;1.791	000001000010000	0.708	0.933	1	169.19	399977	398579	1.00		36	45
0.674;1.733	#	000001000010000	0.527	0.880	1	163.25	399977	398579	0.50		46	72
0.426;1.397	0.181;0.205	000000000010000	0.043	0.533	1	206.25	398580	398580	1.00		0	4
-0.903;-0.426	-0.661;0.201	110100000000000	0.024	0.476	1	181.51	399990	398592	1.00		7	192
0.120;0.691	0.143;0.737	000001110010000	0.217	0.737	1	206.63	399887	398605	1.00		9	135
-0.065;0.117	-1.336;0.425	000001011011100	0.289	0.780	1	265.47	398626	398626	1.00		0	198
#	-0.116;0.174	100001011011100	0.301	0.786	2	226.75	399954	398628	0.50		80	283
-1.087;0.304	-0.737;-0.162	001101001111000	0.066	0.581	1	229.04	399379	398680	1.00		2	453
-0.355;-0.029	#	000001011011000	0.127	0.662	1	244.05	398684	398684	0.50		0	338
-0.306;0.284	#	001001001001101	0.060	0.570	1	241.26	399950	398694	0.50		34	639
-0.765;0.016	-0.011;0.077	101101001111000	0.060	0.570	1	221.70	398701	398701	1.00		0	48
#	-0.987;-0.354	001001001001100	0.097	0.627	2	202.94	399882	398712	0.50		13	442
#	0.069;2.136	100001000010010	0.084	0.610	1	193.52	399970	398721	0.50		32	414
#	0.085;0.603	100001000000000	0.030	0.497	1	214.77	399452	398753	0.50		3	302
-0.738;0.671	-2.881;-0.192	001001001001101	0.114	0.648	1	217.64	399950	398782	1.00		30	536
-1.128;0.224	#	110101001001000	0.034	0.509	1	217.16	399876	398786	0.50		14	820
0.115;0.617	0.013;0.232	000001100010000	0.031	0.500	1	244.19	398806	398806	1.00		0	58
-0.198;0.869	#	000001011011101	0.157	0.690	1	222.10	399986	398814	0.50		63	773
-0.355;0.542	-0.395;0.774	000001011011000	0.179	0.709	2	235.65	399870	398856	1.00		19	543
#	-0.223;0.601	000001011011000	0.122	0.656	1	214.04	399870	398856	0.50		19	540
#	-0.832;1.306	000001010010000	0.024	0.474	1	208.69	399995	398897	0.50		28	1083
0.378;0.518	#	001001001001101	0.019	0.454	1	191.54	398910	398910	0.50		0	88
-0.499;0.287	#	001001001001101	0.057	0.564	1	239.27	399950	398910	0.50		29	653
-0.292;0.489	-0.515;0.884	100001011011000	0.205	0.728	1	231.19	399991	398947	1.00		16	519
#	-0.049;0.948	000001110010000	0.044	0.534	1	197.24	399887	398991	0.50		8	407
-0.609;1.332	#	101001011011100	0.100	0.631	1	212.21	399903	398994	0.50		7	918
0.032;1.289	-1.463;0.106	000001010000000	0.025	0.480	1	212.49	399702	399003	1.00		1	297
-0.534;0.330	-0.024;0.733	100001010010010	0.174	0.705	1	219.92	399947	399024	1.00		46	243
#	-0.905;0.308	000001011011101	0.112	0.645	2	216.67	399986	399032	0.50		53	770
#	-0.228;0.501	110001001001000	0.043	0.534	1	216.32	399951	399039	0.50		25	419
#	0.074;0.764	000001010010010	0.087	0.613	1	200.91	399739	399040	0.50		1	290
#	-1.101;-0.289	000001001001101	0.092	0.620	1	211.13	399984	399048	0.50		46	378
-0.677;0.595	-1.327;-0.215	000001001000100	0.072	0.590	1	223.83	399942	399051	1.00		12	381
-0.677;0.697	-1.045;0.805	000001001000100	0.030	0.494	1	219.95	399942	399051	1.00		12	839
#	-0.184;0.908	100001010010010	0.081	0.605	1	202.34	399947	399053	0.50		44	482
-0.379;0.284	-1.081;-0.192	001001001001101	0.260	0.764	2	254.21	399950	399057	1.00		24	230
-0.498;0.340	-1.139;-0.564	000001001000000	0.105	0.637	1	216.59	399806	399063	1.00		8	106
#	-0.376;0.772	110001001001000	0.027	0.486	1	217.44	399951	399080	0.50		24	607
-0.180;1.913	-0.911;-0.164	000001001000101	0.183	0.712	1	222.59	399987	399081	1.00		7	267
-0.112;0.669	#	000001100010000	0.019	0.450	1	220.21	399958	399103	0.50		25	490
-0.764;0.343	-1.139;-0.564	000001001000000	0.072	0.591	1	198.10	399865	399107	1.00		9	124
-0.531;-0.036	#	001101001011100	0.084	0.610	1	234.72	399839	399140	0.50		2	295
-3.848;0.275	#	110101001001000	0.032	0.503	1	220.11	399876	399143	0.50		9	623
#	-0.594;0.173	110101001001000	0.041	0.529	1	219.70	399876	399143	0.50		9	498
0.008;1.341	-0.047;1.306	000001010010000	0.134	0.669	1	200.50	399995	399150	1.00		21	191
-0.088;1.323	-1.240;0.566	000001010010000	0.080	0.604	1	218.99	399995	399150	1.00		25	446
0.115;0.464	0.232;1.950	000001100010000	0.141	0.676	1	186.12	399958	399151	1.00		24	69
-0.677;0.595	-1.200;0.805	000001001000100	0.030	0.495	1	220.67	399942	399168	1.00		11	701
-1.114;-0.621	-0.500;0.765	110000000000000	0.067	0.582	1	172.08	399965	399189	1.00		14	53
#	-0.949;0.450	000001011011101	0.096	0.626	1	213.70	399986	399199	0.50		40	688
-0.442;0.330	0.733;0.924	100001010010010	0.004	0.327	1	163.29	399222	399222	1.00		0	7
-0.681;0.718	-1.214;-0.121	001001001101000	0.057	0.565	1	224.97	399927	399228	1.00		6	357
-1.068;-0.269	#	100100000100000	0.017	0.443	1	190.82	399969	399237	0.50		10	208
-0.601;0.599	#	100001011011000	0.124	0.658	1	220.42	399991	399262	0.50		13	604
-0.728;-0.560	-1.333;-0.504	000000000100000	0.089	0.617	1	165.30	399907	399272	1.00		1	10
0.426;1.397	0.129;0.852	000000000010000	0.098	0.629	1	172.14	399978	399279	1.00		4	31
0.368;1.181	-0.612;0.443	000001010010100	0.253	0.760	1	200.06	399979	399280	1.00		15	99
-0.383;0.627	-0.905;0.212	000001011011101	0.346	0.809	1	234.83	399986	399313	1.00		35	356
0.671;1.424	0.046;1.791	000001000010000	0.647	0.917	1	165.33	399977	399344	1.00		9	12
#	-1.315;-0.268	000001001000000	0.028	0.488	1	211.84	399865	399372	0.50		7	259
-0.684;0.599	-0.599;-0.078	100001011011101	0.267	0.768	1	230.78	399982	399399	1.00		24	208
-1.317;-0.728	-1.096;-0.504	000000000100000	1.000	1.000	1	114.83	399971	399410	1.00		6	6
0.115;0.464	0.273;0.887	000001100010000	0.211	0.733	1	186.68	399958	399418	1.00		16	42
-0.566;1.214	-1.368;-0.252	001001001000100	0.097	0.627	1	225.26	399749	399436	1.00		3	204
0.352;0.847	-0.804;0.590	000001010010100	0.241	0.752	1	204.36	399979	399440	1.00		12	84
-0.717;1.181	#	000001010010100	0.041	0.528	1	209.11	399979	399440	0.50		12	537
0.583;1.424	#	000001000010000	0.294	0.783	1	175.39	399977	399446	0.50		15	48
-0.796;0.480	0.069;2.247	100001000010010	0.084	0.610	1	199.19	399970	399448	1.00		12	154
-0.998;0.069	0.331;0.603	100001000000000	0.091	0.619	1	202.19	399452	399452	1.00		0	31
-1.332;0.063	-2.590;-0.178	001001001100000	0.036	0.516	1	220.48	399901	399467	1.00		4	162
#	-0.490;0.866	100001001001000	0.030	0.495	1	211.44	399913	399522	0.50		1	365
-0.337;1.341	#	000001010010000	0.058	0.566	1	213.90	399995	399526	0.50		14	374
0.008;0.615	#	000001010010000	0.063	0.575	1	217.25	399995	399526	0.50		8	201
-0.273;1.117	-0.569;0.658	000001011010100	0.218	0.737	3	229.50	399902	399532	1.00		9	272
-1.066;-0.437	#	100000000100000	0.032	0.503	1	177.15	399625	399549	0.50		3	73
0.008;0.168	-0.047;1.306	000001010010000	0.148	0.682	1	244.12	399751	399561	1.00		1	21
-0.273;1.117	-0.452;0.658	000001011010100	0.237	0.750	1	231.72	399902	399566	1.00		7	224
-0.127;1.214	-0.852;0.049	000001011010101	0.268	0.768	1	216.29	399904	399580	1.00		6	156
#	-1.213;0.213	000001011001101	0.096	0.626	1	211.15	399941	399587	0.50		3	321
-0.658;0.554	-1.124;0.835	100001011011101	0.128	0.663	1	219.07	399982	399588	1.00		14	346
-0.429;0.599	#	100001011011101	0.160	0.693	1	224.34	399982	399588	0.50		14	310
-0.306;0.624	-1.280;-0.319	000001001001101	0.356	0.813	1	233.07	399984	399594	1.00		24	97
#	-0.997;-0.154	001101001101000	0.044	0.536	1	210.03	399818	399611	0.50		3	200
-0.606;0.423	-1.403;0.262	001001011011101	0.197	0.723	1	238.88	399830	399650	1.00		1	209
-0.273;0.984	-0.680;0.547	000001011010100	0.214	0.734	1	231.15	399902	399651	1.00		5	206
0.114;1.117	-0.761;0.658	000001011010100	0.196	0.721	1	209.96	399902	399651	1.00		5	121
-0.271;0.700	-0.905;0.138	000001011011101	0.406	0.835	1	233.31	399986	399660	1.00		20	159
-0.650;0.454	-1.124;-0.024	100001011011101	0.209	0.731	1	231.26	399982	399661	1.00		12	165
0.338;1.214	#	000001011010101	0.078	0.601	1	183.95	399904	399670	0.50		4	69
-0.623;0.776	#	000001011010101	0.089	0.616	1	219.77	399904	399670	0.50		4	291
#	0.232;1.755	000001100010000	0.050	0.548	1	181.70	399958	399671	0.50		7	67
#	-0.324;0.730	000001011011000	0.105	0.637	1	218.35	399870	399672	0.50		5	196
-0.484;0.564	-1.167;0.213	000001011001101	0.234	0.748	1	234.86	399941	399685	1.00		2	181
-0.326;0.240	#	000001110010000	0.026	0.482	1	244.29	399763	399690	0.50		1	139
-0.566;1.281	-1.230;-0.252	001001001000100	0.095	0.625	1	225.26	399749	399698	1.00		1	108
0.451;4.739	-1.486;0.030	000001000000000	0.064	0.577	1	188.78	399994	399719	1.00		6	28
#	-0.382;1.166	100001011011100	0.133	0.668	1	212.82	399998	399722	0.50		30	186
-0.276;0.454	-2.014;0.101	100001011011101	0.415	0.839	1	241.31	399982	399728	1.00		7	97
-0.650;0.391	-1.124;-0.024	100001011011101	0.172	0.703	1	233.39	399982	399728	1.00		7	131
-0.273;1.117	-1.310;0.658	000001011010100	0.176	0.707	1	221.71	399902	399742	1.00		2	175
-0.705;0.095	-0.938;-0.383	001001001001000	0.141	0.676	1	218.59	399788	399744	1.00		2	51
-0.632;1.214	-1.230;-0.252	001001001000100	0.080	0.604	1	222.06	399749	399749	1.00		0	96
-0.582;-0.306	-2.378;-0.192	001001001001101	0.052	0.555	1	220.81	399756	399756	1.00		0	21
-0.720;0.330	#	100001010010010	0.022	0.467	1	220.28	399947	399782	0.50		7	162
-0.611;0.923	#	100001011011100	0.135	0.670	1	212.26	399998	399787	0.50		25	191
-1.317;-0.728	-1.675;0.090	000000000100000	1.000	1.000	1	126.67	399971	399804	1.00		3	3
#	-0.338;0.501	110001001001000	0.044	0.536	1	223.03	399951	399805	0.50		4	105
-2.164;-0.077	#	110001001001000	0.043	0.532	1	205.01	399951	399805	0.50		4	80
-0.589;-0.056	-0.931;-0.049	001101001001000	0.125	0.660	2	241.61	399885	399831	1.00		2	43
#	-0.680;0.259	110101001001000	0.033	0.504	1	221.61	399876	399842	0.50		1	109
#	-0.593;0.481	000001010010000	0.039	0.522	1	219.84	399995	399853	0.50		7	104
-0.632;0.244	#	001001001000000	0.014	0.428	1	233.01	399989	399872	0.50		1	71
#	-0.931;-0.049	001101001001000	0.024	0.473	1	211.18	399885	399885	0.50		0	72
-0.912;-0.398	#	000000000100000	0.005	0.341	1	184.56	399971	399907	0.50		1	17
0.009;0.330	0.158;0.733	100001010010010	0.115	0.649	1	217.00	399921	399921	1.00		0	7
-1.610;-0.015	-0.593;0.546	100101001101000	0.083	0.608	1	217.91	399929	399929	1.00		1	25
-0.699;0.158	-0.805;-0.210	001101011001100	0.054	0.559	1	237.57	399937	399937	1.00		1	15
#	-1.318;0.213	000001011001101	0.043	0.532	1	211.04	399941	399941	0.50		0	43
-0.162;0.695	-1.167;0.213	000001011001101	0.287	0.779	1	231.07	399941	399941	1.00		0	22
-0.176;1.196	#	000001001000100	0.027	0.486	1	211.53	399942	399942	0.50		0	36
-0.677;0.595	-1.327;0.384	000001001000100	0.035	0.511	1	225.65	399942	399942	1.00		0	33
-0.473;0.238	0.122;2.726	000000000010010	0.031	0.500	1	223.40	399953	399953	1.00		0	5
-0.065;0.719	#	000001011011100	0.100	0.631	1	215.01	399993	399957	0.50		1	20
-1.317;-0.913	-1.385;0.090	000000000100000	0.006	0.560	1	137.14	399971	399971	1.00		0	0
-0.180;1.432	#	000001001000101	0.033	0.504	1	211.12	399987	399987	0.50		0	8
#	0.194;1.840	100000000000000	0.003	0.489	1	188.93	399996	399996	0.50		0	0
