Explore_Iteration	MacroPopSize	MicroPopSize	Hamming_Loss	Accuracy	AveGenerality	Time(min)	TP	TN	OverGenAcc
1000	53	79	0.179	0.539	0.24	0.01	1.977	0.485	0.185
2000	105	164	0.125	0.678	0.19	0.04	2.008	0.618	0.169
3000	139	247	0.137	0.681	0.16	0.08	1.931	0.658	0.169
4000	166	300	0.15	0.658	0.15	0.13	1.92	0.63	0.169
5000	212	388	0.134	0.695	0.14	0.19	1.958	0.641	0.169
6000	255	471	0.108	0.743	0.14	0.25	2.015	0.662	0.168
7000	277	500	0.107	0.749	0.12	0.33	2.023	0.656	0.193
8000	278	500	0.107	0.742	0.11	0.41	2.028	0.652	0.284
9000	290	500	0.107	0.742	0.10	0.49	2.028	0.652	0.435
10000	300	500	0.103	0.746	0.10	0.56	2.031	0.659	0.435
11000	312	500	0.104	0.742	0.10	0.63	2.028	0.66	0.435
12000	306	500	0.103	0.745	0.10	0.71	2.034	0.657	0.435
13000	303	500	0.101	0.743	0.09	0.78	2.031	0.666	0.435
14000	305	500	0.098	0.753	0.09	0.86	2.042	0.664	0.435
15000	312	500	0.102	0.74	0.09	0.93	2.033	0.662	0.426
16000	308	500	0.099	0.746	0.09	0.99	2.04	0.664	0.012
17000	313	500	0.095	0.753	0.08	1.06	2.033	0.681	0.014
18000	317	500	0.093	0.757	0.09	1.13	2.029	0.691	0.000
19000	323	500	0.092	0.759	0.08	1.19	2.026	0.698	0.000
20000	327	500	0.093	0.758	0.09	1.26	2.024	0.698	0.012
21000	333	500	0.087	0.774	0.09	1.32	2.032	0.708	0.012
22000	349	500	0.07	0.798	0.09	1.39	2.034	0.756	0.017
23000	359	500	0.068	0.806	0.09	1.46	2.046	0.751	0.000
24000	361	500	0.067	0.806	0.09	1.53	2.044	0.755	0.006
25000	371	500	0.063	0.816	0.09	1.60	2.035	0.776	0.004
26000	370	500	0.061	0.824	0.09	1.67	2.039	0.779	0.009
27000	370	500	0.053	0.847	0.09	1.74	2.045	0.797	0.007
28000	374	500	0.049	0.857	0.09	1.81	2.045	0.807	0.014
29000	370	500	0.046	0.864	0.09	1.88	2.05	0.811	0.008
30000	372	500	0.045	0.868	0.09	1.94	2.05	0.815	0.018
31000	382	500	0.042	0.875	0.09	2.01	2.061	0.812	0.005
32000	379	500	0.046	0.866	0.09	2.08	2.04	0.823	0.026
33000	381	500	0.043	0.873	0.09	2.15	2.06	0.81	0.005
34000	373	500	0.042	0.876	0.08	2.21	2.059	0.815	0.004
35000	366	500	0.042	0.874	0.09	2.28	2.061	0.813	0.000
36000	365	500	0.034	0.899	0.09	2.34	2.079	0.82	0.004
37000	366	500	0.039	0.884	0.09	2.40	2.08	0.804	0.004
38000	373	500	0.034	0.897	0.09	2.47	2.08	0.817	0.000
39000	372	500	0.034	0.899	0.09	2.53	2.079	0.82	0.000
40000	371	500	0.034	0.897	0.09	2.59	2.072	0.825	0.000
41000	376	500	0.037	0.89	0.09	2.65	2.072	0.818	0.008
42000	381	500	0.035	0.894	0.10	2.71	2.069	0.825	0.000
43000	366	500	0.033	0.901	0.09	2.77	2.069	0.832	0.037
44000	369	500	0.029	0.912	0.09	2.83	2.081	0.831	0.020
45000	368	500	0.027	0.918	0.09	2.89	2.072	0.846	0.037
46000	360	500	0.022	0.935	0.08	2.94	2.073	0.862	0.000
47000	366	500	0.021	0.936	0.08	3.00	2.064	0.872	0.011
48000	373	500	0.021	0.936	0.08	3.06	2.073	0.863	0.004
49000	370	500	0.02	0.939	0.08	3.11	2.075	0.864	0.004
50000	369	500	0.019	0.943	0.08	3.17	2.066	0.877	0.000
51000	367	500	0.019	0.942	0.07	3.23	2.076	0.866	0.000
52000	360	500	0.02	0.941	0.07	3.28	2.074	0.867	0.000
53000	357	500	0.018	0.947	0.07	3.34	2.075	0.872	0.000
54000	355	500	0.017	0.948	0.07	3.39	2.073	0.875	0.000
55000	356	500	0.018	0.947	0.06	3.45	2.071	0.876	0.005
56000	365	500	0.019	0.943	0.06	3.50	2.076	0.867	0.008
57000	359	500	0.02	0.942	0.06	3.55	2.067	0.874	0.004
58000	366	500	0.016	0.952	0.06	3.61	2.07	0.881	0.017
59000	373	500	0.016	0.951	0.07	3.66	2.077	0.874	0.000
60000	376	500	0.019	0.942	0.07	3.72	2.069	0.873	0.009
61000	374	500	0.016	0.953	0.07	3.78	2.073	0.88	0.004
62000	372	500	0.016	0.953	0.07	3.83	2.067	0.886	0.000
63000	376	500	0.019	0.943	0.07	3.89	2.073	0.87	0.005
64000	377	500	0.021	0.936	0.07	3.94	2.079	0.857	0.025
65000	374	500	0.022	0.935	0.07	4.00	2.073	0.862	0.000
66000	368	500	0.023	0.932	0.07	4.05	2.087	0.845	0.000
67000	363	500	0.019	0.942	0.07	4.10	2.077	0.865	0.015
68000	364	500	0.018	0.946	0.07	4.16	2.082	0.864	0.010
69000	358	500	0.016	0.952	0.07	4.21	2.07	0.882	0.004
70000	361	500	0.016	0.952	0.07	4.26	2.072	0.88	0.008
71000	366	500	0.017	0.95	0.07	4.32	2.07	0.88	0.009
72000	369	500	0.017	0.949	0.07	4.37	2.069	0.88	0.010
73000	370	500	0.015	0.955	0.08	4.43	2.074	0.881	0.012
74000	370	500	0.016	0.952	0.08	4.48	2.073	0.879	0.016
75000	373	500	0.016	0.952	0.08	4.54	2.072	0.88	0.000
76000	374	500	0.016	0.953	0.09	4.59	2.074	0.879	0.012
77000	369	500	0.014	0.959	0.08	4.65	2.073	0.886	0.012
78000	375	500	0.015	0.954	0.08	4.71	2.08	0.874	0.000
79000	380	500	0.015	0.955	0.08	4.76	2.075	0.88	0.009
80000	375	500	0.014	0.958	0.07	4.82	2.084	0.874	0.000
81000	369	500	0.015	0.956	0.07	4.88	2.095	0.86	0.000
82000	359	500	0.015	0.954	0.07	4.93	2.09	0.864	0.000
83000	365	500	0.014	0.957	0.08	4.99	2.088	0.869	0.000
84000	369	500	0.016	0.953	0.08	5.04	2.065	0.888	0.014
85000	364	500	0.017	0.95	0.08	5.10	2.073	0.877	0.007
86000	364	500	0.019	0.943	0.08	5.15	2.064	0.879	0.000
87000	353	500	0.021	0.936	0.08	5.20	2.057	0.879	0.006
88000	358	500	0.02	0.94	0.08	5.26	2.069	0.871	0.009
89000	358	500	0.019	0.944	0.08	5.32	2.067	0.877	0.000
90000	364	500	0.017	0.95	0.07	5.37	2.073	0.877	0.014
91000	355	500	0.014	0.958	0.07	5.43	2.079	0.879	0.009
92000	364	500	0.013	0.96	0.07	5.48	2.075	0.885	0.004
93000	363	500	0.014	0.958	0.07	5.54	2.079	0.879	0.005
94000	367	500	0.014	0.958	0.08	5.60	2.077	0.881	0.000
95000	356	500	0.013	0.96	0.07	5.65	2.078	0.882	0.010
96000	363	500	0.014	0.959	0.07	5.71	2.086	0.873	0.000
97000	360	500	0.016	0.951	0.07	5.77	2.08	0.871	0.022
98000	361	500	0.016	0.953	0.07	5.82	2.08	0.873	0.004
99000	363	500	0.016	0.953	0.08	5.87	2.073	0.88	0.006
100000	363	500	0.016	0.951	0.07	5.93	2.078	0.873	0.010
101000	362	500	0.017	0.948	0.08	5.98	2.076	0.872	0.004
102000	369	500	0.017	0.95	0.08	6.03	2.067	0.883	0.004
103000	371	500	0.016	0.951	0.07	6.09	2.078	0.873	0.004
104000	368	500	0.018	0.945	0.07	6.15	2.066	0.879	0.011
105000	363	500	0.016	0.951	0.07	6.20	2.077	0.874	0.004
106000	363	500	0.014	0.957	0.07	6.26	2.077	0.88	0.009
107000	350	500	0.015	0.954	0.07	6.31	2.072	0.882	0.013
108000	355	500	0.022	0.935	0.07	6.37	2.056	0.879	0.004
109000	360	500	0.02	0.939	0.07	6.43	2.056	0.883	0.003
110000	359	500	0.017	0.949	0.07	6.49	2.07	0.879	0.005
111000	366	500	0.013	0.961	0.07	6.55	2.083	0.878	0.000
112000	371	500	0.019	0.942	0.07	6.60	2.065	0.877	0.008
113000	358	500	0.016	0.953	0.07	6.64	2.074	0.879	0.000
114000	364	500	0.016	0.953	0.07	6.69	2.069	0.884	0.006
115000	363	500	0.016	0.951	0.07	6.74	2.072	0.879	0.000
116000	364	500	0.014	0.958	0.07	6.79	2.078	0.88	0.000
117000	365	500	0.014	0.958	0.08	6.85	2.074	0.884	0.000
118000	363	500	0.013	0.96	0.08	6.91	2.086	0.874	0.000
119000	362	500	0.015	0.954	0.09	6.96	2.078	0.876	0.000
120000	358	500	0.015	0.955	0.08	7.01	2.081	0.874	0.000
121000	363	500	0.013	0.962	0.08	7.07	2.078	0.884	0.004
122000	359	500	0.015	0.955	0.08	7.12	2.082	0.873	0.004
123000	361	500	0.015	0.955	0.07	7.17	2.082	0.872	0.000
124000	358	500	0.017	0.948	0.07	7.22	2.069	0.879	0.000
125000	355	500	0.016	0.953	0.07	7.27	2.076	0.877	0.000
126000	356	500	0.016	0.953	0.07	7.32	2.079	0.874	0.000
127000	345	500	0.017	0.95	0.07	7.37	2.074	0.876	0.000
128000	349	500	0.016	0.951	0.07	7.42	2.072	0.879	0.000
129000	353	500	0.015	0.954	0.07	7.46	2.069	0.885	0.021
130000	362	500	0.017	0.95	0.07	7.52	2.076	0.874	0.000
131000	368	500	0.013	0.96	0.07	7.57	2.079	0.881	0.004
132000	364	500	0.016	0.951	0.06	7.62	2.069	0.882	0.004
133000	360	500	0.014	0.958	0.06	7.67	2.084	0.874	0.000
134000	354	500	0.016	0.953	0.06	7.71	2.078	0.875	0.000
135000	360	500	0.014	0.959	0.07	7.76	2.087	0.87	0.014
136000	358	500	0.015	0.956	0.07	7.80	2.071	0.885	0.006
137000	363	500	0.015	0.954	0.07	7.85	2.075	0.879	0.008
138000	362	500	0.015	0.954	0.07	7.91	2.075	0.879	0.007
139000	369	500	0.014	0.959	0.07	7.97	2.07	0.889	0.006
140000	368	500	0.013	0.96	0.07	8.02	2.082	0.878	0.005
141000	372	500	0.013	0.963	0.07	8.07	2.088	0.874	0.000
142000	374	500	0.014	0.96	0.07	8.13	2.086	0.871	0.003
143000	377	500	0.013	0.965	0.07	8.18	2.087	0.874	0.001
144000	373	500	0.014	0.961	0.07	8.23	2.08	0.878	0.000
145000	370	500	0.014	0.959	0.07	8.27	2.084	0.873	0.000
146000	375	500	0.014	0.96	0.08	8.32	2.086	0.872	0.000
147000	383	500	0.015	0.959	0.08	8.38	2.084	0.871	0.000
148000	375	500	0.015	0.96	0.08	8.42	2.093	0.861	0.000
149000	367	500	0.014	0.961	0.08	8.48	2.092	0.866	0.000
150000	369	500	0.015	0.959	0.08	8.53	2.09	0.865	0.007
151000	373	500	0.015	0.958	0.08	8.58	2.082	0.874	0.003
152000	376	500	0.013	0.963	0.08	8.62	2.09	0.87	0.004
153000	377	500	0.016	0.958	0.08	8.67	2.086	0.866	0.000
154000	373	500	0.016	0.957	0.08	8.73	2.081	0.871	0.000
155000	373	500	0.016	0.959	0.08	8.79	2.092	0.861	0.000
156000	374	500	0.015	0.961	0.08	8.85	2.089	0.866	0.022
157000	367	500	0.016	0.959	0.08	8.90	2.094	0.859	0.005
158000	367	500	0.014	0.961	0.08	8.95	2.09	0.867	0.001
159000	369	500	0.016	0.957	0.08	9.00	2.086	0.865	0.011
160000	362	500	0.014	0.963	0.08	9.06	2.088	0.871	0.018
161000	361	500	0.014	0.962	0.08	9.11	2.086	0.872	0.000
162000	362	500	0.012	0.964	0.08	9.16	2.092	0.872	0.008
163000	365	500	0.013	0.961	0.08	9.20	2.097	0.864	0.005
164000	371	500	0.012	0.964	0.09	9.25	2.093	0.871	0.014
165000	372	500	0.011	0.966	0.09	9.31	2.094	0.872	0.000
166000	373	500	0.011	0.968	0.09	9.36	2.087	0.881	0.000
167000	376	500	0.011	0.968	0.09	9.41	2.092	0.876	0.008
168000	369	500	0.011	0.967	0.08	9.47	2.092	0.875	0.000
169000	369	500	0.013	0.962	0.09	9.53	2.087	0.875	0.010
170000	364	500	0.013	0.962	0.09	9.58	2.096	0.866	0.005
171000	367	500	0.013	0.961	0.09	9.63	2.091	0.87	0.000
172000	362	500	0.012	0.965	0.08	9.67	2.099	0.866	0.000
173000	357	500	0.01	0.969	0.08	9.72	2.087	0.882	0.000
174000	362	500	0.01	0.969	0.08	9.77	2.096	0.873	0.005
175000	369	500	0.012	0.964	0.09	9.82	2.092	0.872	0.000
176000	364	500	0.011	0.967	0.09	9.88	2.089	0.878	0.000
177000	363	500	0.011	0.968	0.08	9.93	2.096	0.872	0.012
178000	367	500	0.011	0.966	0.08	9.98	2.098	0.868	0.004
179000	370	500	0.012	0.964	0.08	10.02	2.098	0.866	0.000
180000	371	500	0.013	0.961	0.08	10.07	2.097	0.864	0.000
181000	374	500	0.013	0.96	0.08	10.13	2.089	0.871	0.000
182000	376	500	0.013	0.96	0.07	10.18	2.095	0.865	0.000
183000	382	500	0.014	0.958	0.08	10.24	2.091	0.867	0.000
184000	383	500	0.012	0.963	0.08	10.30	2.091	0.872	0.000
185000	382	500	0.012	0.963	0.08	10.35	2.103	0.86	0.000
186000	382	500	0.012	0.963	0.08	10.41	2.095	0.868	0.004
187000	377	500	0.013	0.961	0.08	10.46	2.098	0.863	0.000
188000	380	500	0.013	0.96	0.08	10.52	2.088	0.872	0.000
189000	377	500	0.013	0.961	0.09	10.57	2.097	0.864	0.000
190000	371	500	0.014	0.959	0.09	10.62	2.092	0.867	0.004
191000	366	500	0.014	0.959	0.08	10.66	2.088	0.871	0.000
192000	374	500	0.013	0.96	0.08	10.72	2.097	0.863	0.014
193000	379	500	0.013	0.96	0.07	10.77	2.1	0.86	0.000
194000	376	500	0.014	0.96	0.08	10.83	2.097	0.862	0.000
195000	378	500	0.013	0.962	0.07	10.88	2.096	0.866	0.000
196000	376	500	0.012	0.963	0.07	10.93	2.09	0.873	0.000
197000	373	500	0.012	0.963	0.07	10.97	2.092	0.871	0.005
198000	377	500	0.013	0.961	0.07	11.04	2.093	0.868	0.000
199000	380	500	0.013	0.962	0.07	11.08	2.091	0.871	0.000
200000	383	500	0.012	0.964	0.08	11.13	2.1	0.864	0.000
201000	388	500	0.013	0.96	0.08	11.18	2.095	0.865	0.000
202000	388	500	0.013	0.961	0.07	11.23	2.097	0.864	0.000
203000	390	500	0.012	0.963	0.07	11.28	2.091	0.872	0.000
204000	394	500	0.013	0.961	0.07	11.33	2.09	0.871	0.005
205000	397	500	0.011	0.966	0.07	11.38	2.094	0.872	0.000
206000	392	500	0.011	0.967	0.07	11.42	2.081	0.886	0.000
207000	387	500	0.009	0.972	0.07	11.47	2.093	0.879	0.000
208000	386	500	0.009	0.972	0.07	11.52	2.094	0.878	0.000
209000	387	500	0.008	0.975	0.07	11.56	2.099	0.876	0.008
210000	385	500	0.009	0.973	0.07	11.61	2.093	0.88	0.000
211000	376	500	0.008	0.976	0.07	11.66	2.091	0.884	0.000
212000	378	500	0.008	0.976	0.07	11.71	2.095	0.881	0.004
213000	379	500	0.009	0.973	0.07	11.76	2.089	0.884	0.008
214000	377	500	0.008	0.977	0.07	11.81	2.096	0.881	0.000
215000	377	500	0.008	0.977	0.07	11.86	2.1	0.877	0.000
216000	371	500	0.008	0.977	0.06	11.91	2.096	0.881	0.000
217000	380	500	0.008	0.976	0.06	11.96	2.098	0.878	0.004
218000	378	500	0.009	0.974	0.06	12.01	2.089	0.885	0.000
219000	388	500	0.008	0.975	0.06	12.06	2.094	0.881	0.013
220000	386	500	0.009	0.974	0.06	12.11	2.094	0.88	0.000
221000	389	500	0.008	0.976	0.07	12.16	2.091	0.885	0.009
222000	385	500	0.008	0.976	0.07	12.20	2.099	0.877	0.004
223000	385	500	0.008	0.977	0.07	12.26	2.095	0.882	0.000
224000	386	500	0.009	0.973	0.07	12.30	2.101	0.872	0.000
225000	388	500	0.008	0.977	0.07	12.35	2.088	0.889	0.010
226000	390	500	0.008	0.975	0.07	12.40	2.096	0.879	0.000
227000	384	500	0.011	0.967	0.07	12.45	2.093	0.874	0.015
228000	379	500	0.009	0.973	0.06	12.50	2.089	0.884	0.000
229000	384	500	0.009	0.974	0.07	12.56	2.096	0.878	0.019
230000	383	500	0.008	0.976	0.05	12.62	2.098	0.878	0.000
231000	381	500	0.008	0.976	0.06	12.67	2.098	0.878	0.004
232000	373	500	0.012	0.964	0.06	12.72	2.097	0.867	0.000
233000	376	500	0.012	0.963	0.06	12.78	2.088	0.875	0.000
234000	386	500	0.013	0.961	0.06	12.83	2.095	0.866	0.004
235000	386	500	0.013	0.962	0.07	12.87	2.09	0.872	0.000
236000	379	500	0.012	0.964	0.07	12.93	2.09	0.874	0.010
237000	385	500	0.011	0.967	0.07	12.98	2.104	0.863	0.000
238000	380	500	0.013	0.96	0.07	13.03	2.095	0.865	0.017
239000	381	500	0.008	0.975	0.07	13.09	2.098	0.877	0.000
240000	376	500	0.009	0.974	0.07	13.14	2.087	0.886	0.000
241000	377	500	0.008	0.975	0.06	13.20	2.097	0.878	0.000
242000	372	500	0.008	0.975	0.07	13.26	2.092	0.883	0.000
243000	376	500	0.008	0.976	0.07	13.31	2.088	0.888	0.000
244000	380	500	0.008	0.976	0.07	13.37	2.098	0.877	0.004
245000	380	500	0.008	0.977	0.07	13.42	2.099	0.878	0.000
246000	379	500	0.008	0.976	0.07	13.48	2.097	0.879	0.000
247000	372	500	0.007	0.978	0.07	13.53	2.095	0.883	0.000
248000	372	500	0.008	0.975	0.07	13.58	2.089	0.886	0.000
249000	376	500	0.008	0.977	0.08	13.63	2.092	0.885	0.000
250000	381	500	0.009	0.974	0.07	13.68	2.09	0.884	0.006
251000	374	500	0.008	0.977	0.07	13.73	2.093	0.884	0.000
252000	368	500	0.008	0.977	0.07	13.79	2.101	0.876	0.000
253000	362	500	0.008	0.977	0.07	13.83	2.095	0.882	0.006
254000	355	500	0.009	0.975	0.07	13.89	2.097	0.877	0.000
255000	357	500	0.009	0.974	0.07	13.94	2.092	0.882	0.000
256000	356	500	0.008	0.976	0.07	13.99	2.093	0.883	0.000
257000	362	500	0.008	0.975	0.07	14.04	2.095	0.88	0.000
258000	360	500	0.008	0.976	0.07	14.09	2.088	0.888	0.000
259000	360	500	0.008	0.977	0.07	14.13	2.099	0.878	0.005
260000	358	500	0.008	0.977	0.07	14.19	2.089	0.888	0.000
261000	351	500	0.008	0.976	0.06	14.24	2.098	0.878	0.000
262000	352	500	0.007	0.979	0.07	14.29	2.091	0.888	0.000
263000	356	500	0.005	0.985	0.06	14.34	2.093	0.892	0.000
264000	366	500	0.006	0.982	0.07	14.39	2.094	0.888	0.009
265000	367	500	0.008	0.976	0.07	14.44	2.089	0.887	0.000
266000	365	500	0.007	0.979	0.07	14.50	2.097	0.882	0.000
267000	363	500	0.007	0.979	0.07	14.55	2.101	0.878	0.000
268000	368	500	0.006	0.981	0.07	14.61	2.095	0.886	0.000
269000	363	500	0.006	0.981	0.07	14.66	2.097	0.884	0.000
270000	359	500	0.007	0.978	0.07	14.71	2.085	0.893	0.000
271000	366	500	0.008	0.977	0.07	14.76	2.087	0.89	0.000
272000	361	500	0.007	0.978	0.07	14.81	2.089	0.889	0.000
273000	367	500	0.007	0.978	0.07	14.86	2.085	0.893	0.015
274000	367	500	0.008	0.977	0.07	14.91	2.097	0.88	0.000
275000	372	500	0.007	0.978	0.07	14.96	2.087	0.891	0.004
276000	370	500	0.007	0.979	0.07	15.02	2.09	0.889	0.006
277000	378	500	0.007	0.979	0.07	15.07	2.079	0.9	0.013
278000	385	500	0.006	0.981	0.07	15.13	2.093	0.888	0.000
279000	375	500	0.006	0.982	0.07	15.18	2.09	0.892	0.008
280000	374	500	0.008	0.977	0.07	15.23	2.089	0.888	0.000
281000	367	500	0.007	0.979	0.07	15.28	2.097	0.881	0.000
282000	358	500	0.008	0.975	0.07	15.33	2.09	0.885	0.000
283000	359	500	0.009	0.973	0.07	15.37	2.095	0.878	0.000
284000	363	500	0.006	0.981	0.07	15.43	2.096	0.885	0.008
285000	357	500	0.009	0.976	0.06	15.49	2.09	0.884	0.000
286000	354	500	0.009	0.975	0.06	15.54	2.095	0.877	0.009
287000	354	500	0.009	0.975	0.06	15.59	2.091	0.882	0.000
288000	355	500	0.007	0.98	0.05	15.64	2.089	0.889	0.000
289000	364	500	0.008	0.979	0.06	15.69	2.103	0.873	0.000
290000	356	500	0.009	0.977	0.06	15.74	2.095	0.879	0.004
291000	362	500	0.007	0.979	0.06	15.78	2.094	0.884	0.000
292000	362	500	0.008	0.978	0.06	15.82	2.086	0.889	0.000
293000	361	500	0.008	0.977	0.06	15.86	2.094	0.881	0.000
294000	358	500	0.008	0.978	0.05	15.91	2.088	0.887	0.000
295000	356	500	0.007	0.979	0.06	15.95	2.088	0.89	0.000
296000	351	500	0.007	0.98	0.05	16.00	2.096	0.883	0.000
297000	346	500	0.008	0.979	0.06	16.04	2.098	0.879	0.000
298000	345	500	0.01	0.974	0.06	16.08	2.099	0.872	0.004
299000	345	500	0.009	0.976	0.05	16.12	2.094	0.88	0.000
300000	349	500	0.01	0.974	0.05	16.17	2.091	0.88	0.000
301000	343	500	0.009	0.975	0.05	16.22	2.093	0.879	0.000
302000	349	500	0.009	0.974	0.05	16.26	2.092	0.88	0.005
303000	343	500	0.008	0.977	0.05	16.31	2.094	0.883	0.004
304000	344	500	0.008	0.977	0.06	16.36	2.1	0.877	0.000
305000	344	500	0.008	0.977	0.05	16.40	2.095	0.882	0.000
306000	352	500	0.008	0.976	0.06	16.45	2.096	0.88	0.004
307000	355	500	0.009	0.974	0.06	16.50	2.092	0.882	0.226
308000	355	500	0.008	0.977	0.06	16.55	2.093	0.884	0.002
309000	357	500	0.009	0.973	0.06	16.60	2.096	0.877	0.004
310000	353	500	0.009	0.973	0.06	16.65	2.088	0.885	0.000
311000	354	500	0.008	0.976	0.06	16.70	2.1	0.875	0.000
312000	354	500	0.008	0.976	0.06	16.76	2.093	0.882	0.000
313000	357	500	0.008	0.977	0.06	16.80	2.1	0.877	0.005
314000	353	500	0.007	0.978	0.06	16.85	2.091	0.887	0.000
315000	349	500	0.009	0.975	0.06	16.90	2.093	0.881	0.000
316000	347	500	0.009	0.974	0.06	16.94	2.094	0.88	0.000
317000	337	500	0.012	0.97	0.06	16.99	2.09	0.874	0.000
318000	343	500	0.01	0.973	0.06	17.04	2.097	0.872	0.021
319000	339	500	0.01	0.974	0.06	17.10	2.099	0.872	0.000
320000	346	500	0.009	0.975	0.06	17.15	2.096	0.877	0.000
321000	350	500	0.008	0.976	0.06	17.20	2.097	0.879	0.016
322000	343	500	0.009	0.974	0.06	17.24	2.09	0.884	0.012
323000	335	500	0.009	0.975	0.06	17.29	2.093	0.881	0.000
324000	344	500	0.01	0.973	0.06	17.33	2.093	0.877	0.000
325000	341	500	0.01	0.974	0.06	17.37	2.092	0.879	0.004
326000	331	500	0.009	0.974	0.06	17.42	2.101	0.873	0.004
327000	339	500	0.009	0.974	0.06	17.47	2.095	0.879	0.000
328000	342	500	0.009	0.974	0.07	17.51	2.1	0.874	0.000
329000	342	500	0.008	0.975	0.06	17.56	2.087	0.888	0.000
330000	341	500	0.01	0.973	0.07	17.61	2.098	0.872	0.000
331000	340	500	0.011	0.971	0.07	17.65	2.091	0.877	0.005
332000	340	500	0.011	0.971	0.06	17.70	2.089	0.879	0.010
333000	344	500	0.01	0.971	0.07	17.76	2.097	0.872	0.006
334000	342	500	0.01	0.971	0.07	17.81	2.097	0.873	0.008
335000	345	500	0.011	0.971	0.07	17.87	2.099	0.868	0.008
336000	353	500	0.009	0.973	0.07	17.92	2.095	0.878	0.006
337000	342	500	0.01	0.971	0.07	17.97	2.091	0.88	0.000
338000	346	500	0.009	0.972	0.07	18.02	2.095	0.877	0.011
339000	348	500	0.01	0.97	0.07	18.08	2.092	0.878	0.005
340000	343	500	0.01	0.971	0.07	18.13	2.089	0.881	0.016
341000	346	500	0.011	0.971	0.07	18.18	2.102	0.866	0.008
342000	357	500	0.011	0.971	0.07	18.24	2.097	0.871	0.000
343000	352	500	0.012	0.969	0.07	18.29	2.094	0.871	0.000
344000	363	500	0.012	0.969	0.07	18.34	2.085	0.879	0.004
345000	359	500	0.012	0.971	0.06	18.39	2.096	0.869	0.016
346000	364	500	0.011	0.97	0.07	18.45	2.092	0.874	0.000
347000	361	500	0.011	0.971	0.07	18.50	2.088	0.878	0.004
348000	359	500	0.012	0.97	0.06	18.56	2.097	0.867	0.000
349000	360	500	0.012	0.971	0.06	18.60	2.099	0.866	0.010
350000	358	500	0.012	0.969	0.06	18.65	2.095	0.868	0.009
351000	352	500	0.012	0.97	0.06	18.70	2.093	0.872	0.006
352000	361	500	0.012	0.969	0.07	18.76	2.089	0.874	0.006
353000	358	500	0.011	0.972	0.07	18.82	2.092	0.874	0.000
354000	348	500	0.013	0.968	0.07	18.86	2.09	0.872	0.000
355000	355	500	0.012	0.971	0.07	18.90	2.092	0.873	0.005
356000	361	500	0.012	0.969	0.07	18.95	2.099	0.864	0.000
357000	371	500	0.011	0.972	0.07	19.00	2.094	0.872	0.000
358000	370	500	0.011	0.972	0.07	19.06	2.097	0.871	0.000
359000	369	500	0.013	0.968	0.07	19.11	2.088	0.874	0.009
360000	366	500	0.011	0.971	0.07	19.16	2.091	0.876	0.000
361000	365	500	0.009	0.974	0.07	19.21	2.093	0.881	0.000
362000	367	500	0.008	0.98	0.07	19.26	2.085	0.891	0.006
363000	367	500	0.008	0.983	0.07	19.31	2.098	0.879	0.000
364000	355	500	0.007	0.983	0.06	19.36	2.091	0.889	0.010
365000	356	500	0.008	0.98	0.06	19.41	2.098	0.879	0.000
366000	358	500	0.007	0.983	0.06	19.46	2.085	0.893	0.010
367000	353	500	0.007	0.983	0.06	19.51	2.091	0.888	0.006
368000	360	500	0.008	0.981	0.06	19.56	2.089	0.887	0.006
369000	356	500	0.008	0.979	0.06	19.61	2.084	0.891	0.010
370000	359	500	0.008	0.98	0.06	19.66	2.091	0.884	0.005
371000	361	500	0.008	0.982	0.06	19.71	2.096	0.88	0.004
372000	361	500	0.007	0.983	0.06	19.76	2.093	0.885	0.006
373000	365	500	0.007	0.985	0.06	19.81	2.093	0.887	0.000
374000	365	500	0.009	0.981	0.06	19.86	2.082	0.892	0.004
375000	365	500	0.011	0.978	0.06	19.91	2.082	0.886	0.000
376000	364	500	0.009	0.981	0.06	19.95	2.084	0.888	0.012
377000	360	500	0.006	0.983	0.06	20.00	2.086	0.895	0.007
378000	363	500	0.01	0.98	0.06	20.05	2.091	0.879	0.005
379000	365	500	0.01	0.978	0.06	20.10	2.088	0.882	0.014
380000	364	500	0.008	0.98	0.06	20.15	2.095	0.882	0.000
381000	357	500	0.008	0.979	0.06	20.21	2.081	0.894	0.014
382000	353	500	0.007	0.981	0.06	20.26	2.095	0.884	0.010
383000	347	500	0.009	0.979	0.06	20.30	2.084	0.89	0.014
384000	363	500	0.007	0.981	0.07	20.35	2.085	0.894	0.004
385000	360	500	0.01	0.97	0.07	20.39	2.095	0.875	0.000
386000	361	500	0.01	0.972	0.07	20.44	2.094	0.877	0.004
387000	355	500	0.011	0.972	0.07	20.48	2.094	0.874	0.007
388000	353	500	0.011	0.97	0.07	20.52	2.094	0.873	0.001
389000	361	500	0.011	0.969	0.07	20.56	2.087	0.881	0.006
390000	358	500	0.011	0.97	0.07	20.60	2.091	0.877	0.000
391000	352	500	0.011	0.969	0.06	20.64	2.089	0.877	0.004
392000	354	500	0.011	0.97	0.06	20.68	2.088	0.88	0.000
393000	350	500	0.009	0.975	0.06	20.71	2.1	0.873	0.009
394000	350	500	0.008	0.977	0.06	20.75	2.093	0.883	0.000
395000	347	500	0.009	0.977	0.06	20.79	2.095	0.879	0.006
396000	353	500	0.009	0.976	0.06	20.83	2.084	0.889	0.000
397000	360	500	0.008	0.978	0.06	20.87	2.094	0.882	0.000
398000	354	500	0.005	0.985	0.06	20.91	2.089	0.896	0.000
399000	350	500	0.006	0.983	0.06	20.95	2.084	0.899	0.000
400000	358	500	0.005	0.985	0.05	20.99	2.095	0.89	0.012
