att1	att2	Phenotype	Fitness	Accuracy	Numerosity	AveMatchSetSize	TimeStampGA	InitTimeStamp	Specificity	DeletionProb	CorrectCount	MatchCount
-1.193;-0.488	-1.266;-0.307	000000000100000	0.079	0.602	5	174.12	399971	250782	1.00		2562	10460
-0.914;-0.400	-0.556;0.632	110000000000000	0.024	0.476	10	183.42	399965	319065	1.00		1390	11459
-1.518;-0.386	-0.159;1.202	100000000000000	0.087	0.614	4	176.78	399996	331846	1.00		1264	4774
0.694;6.272	#	000001000010000	0.544	0.885	5	155.95	399962	344123	0.50		1677	2557
-0.470;0.067	-1.170;-0.648	001001001000000	0.292	0.782	2	211.62	399989	345961	1.00		541	3630
-0.903;0.163	-1.100;0.468	110001001011000	0.075	0.596	2	208.50	399972	346848	1.00		456	31246
#	-0.900;0.288	100101001011000	0.068	0.584	2	212.62	399878	358896	0.50		177	32227
#	-1.660;0.165	000001001000100	0.044	0.536	1	211.55	399942	359400	0.50		522	29504
-0.927;0.381	0.353;4.961	000000000010010	0.053	0.555	2	175.68	399953	360917	1.00		725	5756
#	-0.721;0.161	101001011011100	0.126	0.661	1	216.88	399903	361423	0.50		276	25061
#	-0.501;0.281	000001011011100	0.174	0.705	1	215.40	399993	364308	0.50		1276	20372
0.694;6.742	#	000001000010000	0.542	0.885	1	155.95	399962	365252	0.50		1039	1589
0.271;1.013	0.295;1.062	000000000010000	0.072	0.591	4	153.53	399978	365987	1.00		196	2485
-0.847;0.086	0.353;5.215	000000000010010	0.103	0.635	1	179.78	399953	368498	1.00		585	2793
-0.681;0.652	-0.856;0.064	101001011011101	0.174	0.705	3	220.67	399928	368600	1.00		179	17923
-1.130;-0.464	-0.683;-0.031	100000000100000	0.047	0.543	2	182.57	399625	370267	1.00		128	2807
#	0.256;0.984	100000000010010	0.057	0.565	2	165.66	399949	372978	0.50		156	5990
-0.936;0.378	#	100001001011100	0.092	0.621	3	209.70	399461	373598	0.50		75	21449
-0.017;0.974	#	000001011010101	0.127	0.662	2	202.67	399904	376492	0.50		337	11881
-0.884;0.163	-0.381;0.269	100001001011000	0.212	0.733	4	223.76	399835	376768	1.00		165	7215
0.701;1.855	-1.028;-0.225	000001000000000	0.473	0.861	1	160.97	399994	376927	1.00		231	396
-0.803;0.244	0.565;5.534	000000000010010	0.209	0.731	2	158.73	399953	376994	1.00		426	1050
-0.992;0.436	#	100101011011100	0.081	0.605	2	206.57	399854	377486	0.50		97	18904
0.776;1.855	-0.618;0.608	000001000000000	0.204	0.728	1	164.13	399944	378050	1.00		126	690
0.694;6.272	-0.423;0.511	000001000010000	0.845	0.967	1	166.94	399962	378992	1.00		542	602
#	-1.338;0.337	110101001001000	0.033	0.506	1	207.75	399876	380115	0.50		227	15993
-0.707;0.748	#	100001011011000	0.099	0.630	1	207.41	399991	380389	0.50		337	17980
-0.374;0.997	#	000001011011000	0.118	0.652	1	208.04	399870	380997	0.50		324	15058
-0.973;-0.421	-0.711;0.344	110100000000000	0.019	0.451	2	181.57	399990	381345	1.00		81	2880
#	-0.984;0.262	100001011011101	0.123	0.658	2	212.62	399982	381654	0.50		786	14387
-1.051;0.863	0.721;2.913	000010000000000	0.104	0.636	1	149.59	399967	381793	1.00		104	574
#	-1.160;0.067	001101001101000	0.029	0.494	2	211.55	399818	382259	0.50		151	11982
-0.408;0.087	-1.054;-0.326	001001001001100	0.293	0.782	2	236.27	399882	382666	1.00		173	2772
-0.997;-0.197	-0.936;-0.150	000100001100000	0.034	0.510	2	200.40	399955	383123	1.00		147	3408
-0.083;0.641	-0.042;0.784	000001100010000	0.066	0.580	1	207.15	399958	383182	1.00		456	3608
#	-1.084;0.296	000001011010101	0.076	0.598	1	212.62	399904	383957	0.50		229	12716
-0.200;0.352	#	000001001001101	0.077	0.599	1	224.70	399992	384020	0.50		640	7493
-0.014;0.691	-0.097;0.996	000001110010000	0.102	0.634	5	199.93	399887	384509	1.00		110	3702
-1.051;1.057	0.721;2.016	000010000000000	0.067	0.583	2	142.65	399967	384589	1.00		88	531
-0.960;-0.015	-1.039;0.379	100101001101000	0.070	0.588	1	203.88	399929	384797	1.00		173	6646
-1.219;0.294	#	101101001011000	0.055	0.560	2	207.07	399753	385074	0.50		63	11099
-0.502;0.212	0.097;0.671	100001010010010	0.354	0.812	2	204.01	399947	385103	1.00		742	2212
-0.396;0.861	0.279;1.027	000010100010000	0.022	0.465	2	168.42	399510	385362	1.00		63	2806
-1.051;0.863	0.721;1.541	000010000000000	0.105	0.637	1	149.59	399967	385401	1.00		83	460
#	-2.537;-0.506	000001001000000	0.068	0.584	1	204.17	399865	385512	0.50		165	3070
-0.533;0.145	0.097;0.698	100001010010010	0.374	0.822	2	199.22	399947	385941	1.00		702	1989
-0.459;0.444	-0.469;0.759	100001011011000	0.220	0.738	1	221.68	399991	386113	1.00		237	7227
#	-0.060;0.635	000001010010000	0.088	0.615	1	198.41	399995	386239	0.50		299	4958
-0.200;0.884	#	000001001001101	0.051	0.551	2	211.33	399992	386396	0.50		629	8906
#	-0.161;0.058	110101001011000	0.094	0.623	1	216.71	386683	386683	0.50		0	2306
-0.715;0.695	#	100001000010010	0.019	0.451	1	207.32	399970	386689	0.50		344	12222
-0.245;0.250	-1.748;-0.552	000001001001101	0.336	0.804	2	222.39	399891	386803	1.00		264	1055
0.014;0.367	-0.679;0.030	000001011011101	0.701	0.931	2	241.30	399986	386931	1.00		600	1743
#	-1.198;0.831	001001001001101	0.023	0.471	2	202.54	399950	387431	0.50		341	12478
0.302;0.846	#	000001001000101	0.030	0.496	2	196.63	399987	387747	0.50		88	2628
-0.206;0.708	-0.042;0.960	000001100010000	0.051	0.552	1	198.45	399958	387760	1.00		332	3412
#	-1.260;-0.109	000001001101000	0.047	0.542	1	210.12	399729	387761	0.50		53	6558
-0.707;0.748	-0.161;0.529	100001011011000	0.227	0.743	2	208.92	399991	387792	1.00		207	4538
#	-0.973;0.139	001101011011100	0.081	0.605	1	211.55	399840	387957	0.50		18	8636
0.132;0.989	-0.771;-0.177	000001010000100	0.087	0.614	3	213.51	399357	388173	1.00		17	1727
#	-0.542;0.272	100001011011100	0.206	0.729	2	217.61	399998	388724	0.50		954	6730
#	-0.776;-0.239	001101011001100	0.075	0.596	1	210.32	399937	388753	0.50		17	4492
-0.817;0.078	#	110101001011000	0.063	0.575	3	204.89	399964	388780	0.50		64	6451
#	0.166;0.779	100001000000010	0.023	0.470	2	179.19	399618	388816	0.50		31	2927
#	-0.161;0.529	100001011011000	0.186	0.715	1	204.18	399991	388943	0.50		188	4475
-0.533;0.079	0.097;0.698	100001010010010	0.375	0.822	1	198.88	399947	389401	1.00		498	1348
-1.015;-0.215	-0.805;0.019	100100001100000	0.044	0.535	1	199.89	399629	389843	1.00		56	2342
-0.570;0.818	#	000001011011101	0.119	0.653	1	215.99	399986	390046	0.50		513	8624
-0.680;0.520	-1.198;0.922	001001001001101	0.040	0.524	1	208.72	399950	390227	1.00		265	8136
0.243;2.438	-1.228;0.091	000001010010100	0.166	0.698	2	207.07	399979	390242	1.00		195	1914
-0.399;0.330	-0.542;0.272	100001011011100	0.511	0.875	1	237.44	399998	390477	1.00		810	3261
-0.453;0.747	-1.660;0.165	000001001000100	0.089	0.616	1	227.63	399942	390517	1.00		121	5296
0.514;6.272	-0.466;0.511	000001000010000	0.356	0.813	1	184.52	399962	390792	1.00		304	754
#	0.701;1.204	000010000010000	0.279	0.775	2	143.90	399983	390896	0.50		196	404
0.776;1.966	-1.346;-0.120	000001000000000	0.434	0.846	1	164.01	399994	390907	1.00		91	169
-0.744;-0.267	-1.559;-0.098	000101001101000	0.145	0.679	1	196.11	399785	390966	1.00		63	1422
#	0.209;0.904	000001100010000	0.049	0.547	1	173.40	399958	391055	0.50		243	2148
#	-0.304;0.540	110001001001000	0.042	0.531	1	206.64	399951	391059	0.50		217	4685
-0.122;0.985	-0.039;0.759	000001011010000	0.132	0.667	2	196.90	399939	391089	1.00		64	2219
-0.903;0.163	#	110001001011000	0.067	0.582	1	204.93	399972	391311	0.50		73	5560
-0.181;0.428	0.141;0.697	000001010010010	0.188	0.716	3	205.95	399739	391351	1.00		13	1295
-1.218;0.748	-0.161;0.529	100001011011000	0.203	0.727	1	208.80	399991	391402	1.00		146	3306
-0.570;-0.075	-1.122;0.143	001101001001000	0.117	0.651	1	229.88	399885	391443	1.00		26	2194
#	-0.261;0.866	000001010010000	0.059	0.568	1	194.26	399995	391461	0.50		200	4918
0.020;1.296	#	000001010010000	0.080	0.604	1	202.38	399995	391461	0.50		212	3977
-0.396;0.861	0.851;1.027	000010100010000	0.055	0.560	1	139.69	391653	391653	1.00		0	60
#	-1.991;1.970	000001011011000	0.066	0.581	1	202.28	399870	391694	0.50		142	8305
-0.689;-0.060	-0.702;-0.088	101101001111000	0.159	0.692	1	217.52	399400	391711	1.00		12	1616
-0.259;0.748	-0.161;0.008	100001011011000	0.374	0.821	1	234.30	391809	391809	1.00		0	737
#	0.256;1.737	100000000010010	0.057	0.564	2	165.66	399949	391989	0.50		45	1768
-0.538;2.508	-1.228;1.233	000001010010100	0.058	0.566	2	209.36	399979	392251	1.00		167	6868
#	-0.966;-0.008	000001011001101	0.093	0.622	2	210.35	399941	392252	0.50		56	4747
-0.624;-0.128	-0.741;0.141	100101001111000	0.206	0.729	4	227.30	399985	392263	1.00		24	1659
#	-0.755;0.146	100001011011101	0.145	0.680	1	212.94	399982	392293	0.50		330	5115
-1.770;0.520	#	001001001001101	0.028	0.488	1	206.97	399950	392403	0.50		205	6794
-0.715;0.476	0.287;1.081	100001000010010	0.124	0.659	1	166.76	399970	392430	1.00		194	1404
#	0.097;0.297	100001010010010	0.121	0.655	1	211.94	399886	392627	0.50		72	748
-0.776;0.424	-2.372;-0.506	000001001000000	0.072	0.592	1	207.84	399865	392667	1.00		83	1274
-1.518;0.520	#	001001001001101	0.028	0.489	1	206.97	399950	392740	0.50		196	6490
0.514;5.732	-1.654;0.704	000001000010000	0.269	0.769	1	179.73	399962	392758	1.00		247	778
-0.374;1.850	-0.126;0.410	000001011011000	0.300	0.786	2	218.61	399870	392769	1.00		122	1808
-0.694;-0.122	-1.160;0.067	001101001101000	0.102	0.633	1	214.47	399818	392828	1.00		60	1784
0.175;1.764	-0.441;0.203	000001011010100	0.374	0.822	1	207.36	399902	392832	1.00		131	1192
#	0.155;1.226	100001000010010	0.101	0.632	2	174.27	399970	392837	0.50		185	1981
-0.399;0.330	#	100001011011100	0.197	0.723	3	221.19	399998	392884	0.50		604	4222
0.243;2.438	-0.687;0.099	000001010010100	0.212	0.733	2	212.39	399979	393038	1.00		139	1176
-0.616;0.583	-1.129;-0.189	001001001001101	0.185	0.714	1	227.10	399950	393067	1.00		188	2699
#	-0.436;0.503	110001001001000	0.042	0.529	1	208.69	399951	393100	0.50		167	4342
0.175;1.764	#	000001011010100	0.127	0.661	3	193.76	399902	393164	0.50		127	2392
-0.909;-0.264	#	110101001001000	0.056	0.562	2	187.63	399876	393194	0.50		78	1830
0.428;1.190	-1.063;0.608	000001000000000	0.052	0.553	5	185.86	399994	393276	1.00		126	990
0.497;2.265	#	000001000000000	0.057	0.564	1	174.59	399994	393276	0.50		126	808
-0.960;-0.015	#	100101001101000	0.050	0.549	2	199.58	399929	393291	0.50		75	3343
-0.599;0.119	#	101001011011100	0.152	0.687	1	216.11	399903	393306	0.50		49	3497
#	-1.748;-0.540	000001001001101	0.117	0.651	1	195.29	399963	393492	0.50		235	1241
-0.171;0.795	#	000001001000100	0.036	0.513	1	215.51	399942	393825	0.50		80	3773
#	-1.473;-0.132	001001011001101	0.081	0.606	2	211.07	399667	393857	0.50		43	3191
-0.247;0.964	0.887;1.204	000010000010000	0.132	0.667	1	140.71	393886	393886	1.00		0	35
-0.909;0.005	#	110101001001000	0.041	0.527	1	200.23	399876	393893	0.50		70	3166
-0.253;0.950	0.386;0.960	000001100010000	0.082	0.607	1	164.23	399958	393938	1.00		164	940
0.020;1.093	-0.861;0.635	000001010010000	0.099	0.630	2	211.70	399995	393969	1.00		149	2531
-1.130;-0.464	-0.511;-0.031	100000000100000	0.051	0.551	1	184.83	399625	394033	1.00		25	417
-0.200;0.925	-1.221;-0.298	000001001001101	0.267	0.768	2	219.97	399992	394056	1.00		278	1418
-0.330;0.146	-1.288;-0.169	001001011011101	0.305	0.788	2	242.32	399830	394058	1.00		17	1138
#	0.427;0.984	100000000010010	0.047	0.542	1	160.77	399949	394086	0.50		33	910
-0.812;-0.298	-1.260;-0.109	000001001101000	0.074	0.594	1	194.53	399729	394137	1.00		24	897
-0.909;-0.264	-0.565;0.144	110101001001000	0.133	0.668	1	200.75	399876	394250	1.00		65	1010
-0.634;0.148	-0.721;0.161	101001011011100	0.242	0.753	1	233.55	399903	394276	1.00		41	2085
-0.408;0.087	#	001001001001100	0.063	0.575	2	224.72	399882	394290	0.50		56	2365
-1.142;-0.150	-0.212;0.593	100001001001000	0.117	0.652	2	200.48	399913	394321	1.00		16	882
-0.905;0.401	#	110001001001000	0.035	0.510	1	207.09	399951	394359	0.50		136	4647
-0.624;-0.128	#	100101001111000	0.113	0.647	1	206.51	399985	394393	0.50		16	1746
-0.523;0.277	#	001001011001100	0.077	0.598	1	223.39	399425	394412	0.50		16	3431
-0.245;0.925	#	000001001001101	0.048	0.546	2	207.10	399992	394425	0.50		255	3941
-0.080;1.082	-0.579;0.632	000001011010101	0.193	0.719	1	219.22	399904	394442	1.00		79	2465
-0.048;0.466	-1.991;1.970	000001011011000	0.137	0.672	1	213.66	399870	394455	1.00		95	2218
-0.237;0.620	-0.612;0.030	000001011011101	0.538	0.883	3	238.23	399986	394456	1.00		285	1569
-1.110;-0.015	-0.522;0.216	100101001101000	0.099	0.630	1	215.22	399929	394504	1.00		62	1576
-0.458;0.520	-1.198;-0.189	001001001001101	0.241	0.752	1	228.14	399950	394540	1.00		146	1847
-0.253;0.708	-0.014;1.040	000001100010000	0.049	0.547	1	195.79	399958	394550	1.00		148	1587
#	-0.042;1.040	000001100010000	0.029	0.492	1	181.75	399958	394582	0.50		147	2199
0.243;2.438	#	000001010010100	0.115	0.649	3	190.55	399979	394670	0.50		113	1624
-0.399;-0.010	-0.542;0.272	100001011011100	0.506	0.873	2	240.20	399998	394780	1.00		364	962
-0.634;0.147	-1.185;0.161	101001011011100	0.200	0.725	1	230.95	399903	394800	1.00		37	2158
0.776;1.446	-1.063;0.608	000001000000000	0.272	0.771	2	161.33	399994	394826	1.00		60	192
-0.368;0.318	1.129;5.215	000000000010010	0.008	0.609	1	200.36	394847	394847	1.00		0	0
#	0.353;1.007	000000000010010	0.043	0.533	1	161.86	399953	394847	0.50		94	966
-0.171;0.901	#	000001001000100	0.035	0.510	2	210.90	399942	394857	0.50		66	3245
#	-0.612;0.155	000001011011101	0.138	0.673	2	217.53	399986	394906	0.50		263	2976
#	-0.612;0.030	000001011011101	0.136	0.671	1	216.16	399986	394906	0.50		263	2568
#	-0.650;0.139	001101011011100	0.093	0.622	1	217.51	399840	394947	0.50		7	3012
-0.399;0.330	-0.542;0.130	100001011011100	0.532	0.881	3	240.20	399998	394948	1.00		409	1478
-0.502;0.145	0.097;0.671	100001010010010	0.416	0.839	3	203.51	399947	394950	1.00		249	672
0.701;1.446	#	000001000000000	0.191	0.718	1	155.56	399994	394969	0.50		65	226
-0.909;-0.264	0.144;0.337	110101001001000	0.037	0.517	1	164.25	394983	394983	1.00		0	58
0.175;0.708	-1.150;0.203	000001011010100	0.316	0.794	1	219.64	399902	395009	1.00		91	1030
#	0.565;4.961	000000000010010	0.079	0.601	2	146.62	399953	395060	0.50		91	425
-0.706;0.646	-0.984;0.301	100001011011101	0.181	0.711	1	219.89	399982	395147	1.00		208	3381
-0.502;0.212	0.097;0.698	100001010010010	0.342	0.807	1	199.87	399947	395157	1.00		242	739
0.302;0.634	#	000001001000101	0.043	0.534	1	197.69	399987	395159	0.50		34	839
-1.087;0.170	-0.011;0.890	100001000000000	0.033	0.505	3	193.33	399452	395173	1.00		21	1117
-0.909;-0.264	-1.338;0.337	110101001001000	0.074	0.595	3	189.32	399876	395232	1.00		55	1160
#	-0.479;0.288	100101001011000	0.102	0.633	1	215.36	399878	395244	0.50		20	2701
-0.810;0.572	-0.028;0.489	100001010010000	0.171	0.703	3	207.86	399770	395277	1.00		13	1160
-0.533;0.205	#	100001010010010	0.045	0.538	1	224.64	399947	395376	0.50		229	2573
-0.376;1.014	#	000001011011101	0.132	0.667	1	208.38	399986	395442	0.50		237	3639
#	0.353;5.534	000000000010010	0.044	0.534	1	161.86	399953	395445	0.50		84	854
-1.037;-0.275	-0.966;-0.219	000100000100000	0.029	0.492	2	192.61	399997	395469	1.00		27	672
0.701;1.966	-1.135;-0.120	000001000000000	0.467	0.859	1	163.04	399994	395474	1.00		53	92
-0.706;1.051	#	100001011011101	0.092	0.621	2	202.72	399982	395510	0.50		189	4301
0.175;0.708	-0.393;0.163	000001011010100	0.491	0.867	2	223.11	399822	395521	1.00		61	507
#	0.646;1.204	000010000010000	0.220	0.739	3	144.57	399983	395551	0.50		107	271
0.242;0.458	#	001001001000100	0.018	0.447	1	199.60	395555	395555	0.50		0	684
0.020;1.093	-0.060;0.039	000001010010000	0.222	0.740	1	222.68	399948	395557	1.00		28	148
-0.523;0.212	0.097;0.698	100001010010010	0.328	0.800	1	199.86	399947	395558	1.00		219	682
-0.905;0.401	-0.436;0.503	110001001001000	0.065	0.579	1	213.47	399951	395585	1.00		109	2283
#	-1.748;-0.298	000001001001101	0.094	0.624	3	209.97	399992	395620	0.50		201	1691
#	0.295;1.062	000000000010000	0.020	0.456	1	160.69	399978	395632	0.50		26	903
0.020;1.111	0.115;0.635	000001010010000	0.253	0.760	1	194.47	399995	395655	1.00		70	533
-0.692;-0.083	-1.112;-0.383	001001001100000	0.168	0.700	6	206.17	399901	395707	1.00		38	520
#	-0.679;0.155	000001011011101	0.129	0.664	1	217.55	399986	395723	0.50		219	2656
-0.413;0.212	0.097;0.698	100001010010010	0.394	0.830	2	200.45	399947	395727	1.00		212	598
-0.706;1.511	-0.984;0.146	100001011011101	0.152	0.686	2	213.00	399982	395752	1.00		181	2884
-0.204;0.460	#	000001011011100	0.177	0.707	1	217.08	399993	395763	0.50		151	2223
#	-1.084;-0.183	000001011010101	0.063	0.575	1	209.17	399904	395840	0.50		53	2007
0.026;1.302	-0.261;0.635	000001010010000	0.202	0.726	1	208.58	399995	395857	1.00		95	1056
#	0.352;1.326	000010000010000	0.023	0.469	1	161.86	399983	395889	0.50		107	773
#	-0.916;0.138	101101001101000	0.035	0.511	2	211.55	399453	395958	0.50		6	2889
-0.374;1.850	#	000001011011000	0.118	0.652	1	208.04	399870	396023	0.50		68	3156
-0.200;0.925	-1.748;-0.298	000001001001101	0.269	0.769	1	219.97	399992	396029	1.00		187	947
-0.247;1.051	-0.755;0.301	100001011011101	0.298	0.785	1	218.26	399982	396093	1.00		164	1974
-0.399;0.592	-0.542;0.272	100001011011100	0.467	0.859	1	233.65	399998	396103	1.00		335	1638
-0.171;0.901	-1.660;0.715	000001001000100	0.045	0.538	3	218.35	399942	396109	1.00		49	2331
-0.909;-0.264	-0.889;0.337	110101001001000	0.075	0.595	1	189.47	399876	396120	1.00		45	939
-0.764;0.444	-0.469;0.759	100001011011000	0.156	0.690	1	207.77	399991	396180	1.00		63	2354
0.694;6.272	-0.721;1.346	000001000010000	0.632	0.912	1	156.94	399962	396200	1.00		112	152
-0.528;0.500	-1.081;-0.468	001001001000100	0.211	0.733	2	218.33	399749	396203	1.00		22	670
#	0.386;0.903	000010000010000	0.026	0.482	1	162.91	399983	396223	0.50		97	655
#	-0.126;0.410	000001011011000	0.171	0.703	1	207.25	399870	396264	0.50		62	1147
-0.376;0.818	-0.289;0.155	000001011011101	0.413	0.838	1	229.92	399986	396266	1.00		96	904
0.701;1.446	-1.063;-0.225	000001000000000	0.469	0.859	1	160.98	399994	396300	1.00		37	64
-0.399;-0.010	#	100001011011100	0.198	0.723	2	220.16	399998	396320	0.50		257	1205
-0.706;1.051	-0.984;0.301	100001011011101	0.152	0.686	2	213.66	399982	396333	1.00		156	2765
#	-0.925;0.110	001101001011100	0.070	0.587	1	211.55	399839	396344	0.50		6	2553
#	-0.889;0.337	110101001001000	0.033	0.506	2	207.75	399876	396347	0.50		41	2906
#	-0.003;0.572	000001010010000	0.100	0.631	2	201.44	399995	396358	0.50		70	1064
-1.173;0.141	-2.537;-0.506	000001001000000	0.052	0.554	1	201.00	399865	396370	1.00		35	523
-0.470;0.067	-1.473;-0.648	001001001000000	0.291	0.781	1	211.62	399989	396377	1.00		36	242
#	-0.876;-0.183	000001011010101	0.064	0.578	1	209.18	399904	396409	0.50		46	1694
-0.399;0.229	#	100001011011100	0.214	0.734	1	225.02	399998	396413	0.50		305	1797
#	-0.542;0.339	100001011011100	0.199	0.724	3	212.16	399998	396413	0.50		305	2210
-0.220;0.078	#	110101001011000	0.058	0.566	1	234.57	396469	396469	0.50		0	982
#	-0.861;0.576	000001010010000	0.026	0.482	1	207.52	399995	396556	0.50		84	3122
#	-0.856;0.064	101001011011101	0.105	0.637	3	211.55	399928	396560	0.50		19	2280
-0.200;0.884	-0.992;-0.341	000001001001101	0.280	0.775	1	220.83	399992	396589	1.00		157	747
#	-1.414;-0.225	001001001000000	0.026	0.480	1	209.17	399989	396648	0.50		31	1514
0.514;6.272	-0.721;0.763	000001000010000	0.284	0.778	1	174.49	399962	396707	1.00		109	327
-0.518;0.548	-0.984;0.301	100001011011101	0.263	0.766	1	229.00	399982	396737	1.00		135	1954
0.048;0.396	-0.889;0.069	001001011011100	0.325	0.799	1	230.41	396749	396749	1.00		0	479
-1.518;-0.386	-0.159;0.946	100000000000000	0.085	0.611	1	176.78	399996	396769	1.00		58	223
0.175;0.708	-1.303;0.203	000001011010100	0.317	0.794	1	219.64	399902	396770	1.00		59	669
0.020;0.657	-0.003;0.635	000001010010000	0.232	0.746	1	209.54	399995	396779	1.00		52	435
-0.257;0.367	-0.679;0.155	000001011011101	0.546	0.886	1	242.61	399986	396797	1.00		153	950
#	-0.428;0.339	100001011011100	0.233	0.748	1	209.56	399998	396828	0.50		274	1718
-0.707;0.748	-0.238;0.529	100001011011000	0.224	0.741	1	209.03	399991	396850	1.00		52	1353
-0.634;0.147	-1.623;0.161	101001011011100	0.201	0.725	2	230.95	399903	396869	1.00		23	1300
#	-1.379;0.281	000001011011100	0.123	0.658	1	212.62	399993	396910	0.50		112	2432
-0.537;0.224	-0.542;0.272	100001011011100	0.429	0.844	1	239.23	399998	396940	1.00		264	1037
-0.163;1.113	0.701;1.204	000010000010000	0.365	0.818	2	144.66	399983	396949	1.00		65	117
#	-1.991;0.410	000001011011000	0.089	0.616	1	207.75	399870	396963	0.50		50	2533
-0.080;1.082	-0.876;-0.183	000001011010101	0.257	0.762	1	220.73	399904	396975	1.00		39	746
#	-1.614;-0.098	000101001101000	0.040	0.526	1	210.30	399785	396989	0.50		20	1652
#	0.136;1.226	100001000010010	0.097	0.627	1	174.30	399970	397031	0.50		77	845
#	0.097;0.783	100001010010010	0.120	0.655	1	180.34	399947	397151	0.50		140	842
-0.334;0.333	-0.469;0.529	100001011011000	0.349	0.810	1	232.03	399991	397165	1.00		49	1045
-1.103;-0.914	-0.556;0.632	110000000000000	0.132	0.667	1	113.75	397206	397206	1.00		0	8
-0.014;1.374	-0.097;0.996	000001110010000	0.100	0.631	1	192.30	399887	397207	1.00		19	739
0.694;6.742	-0.351;0.684	000001000010000	0.838	0.965	1	163.64	399962	397247	1.00		69	77
-0.895;0.570	-1.198;-0.189	001001001001101	0.103	0.635	1	213.94	399950	397261	1.00		74	1206
-0.470;0.067	-1.480;-0.139	001001001000000	0.066	0.580	2	234.59	399989	397319	1.00		25	622
-0.253;1.299	-0.139;1.040	000001100010000	0.047	0.543	1	191.76	399958	397321	1.00		73	1026
0.171;0.948	-0.852;0.490	000001010010100	0.187	0.715	1	207.90	399979	397343	1.00		57	719
-0.524;0.638	-1.660;0.715	000001001000100	0.042	0.531	1	223.28	399942	397409	1.00		34	2008
0.199;1.764	#	000001011010100	0.131	0.666	1	193.78	399902	397435	0.50		48	861
0.701;1.446	-1.135;-0.120	000001000000000	0.485	0.865	1	163.01	399994	397470	1.00		31	52
0.701;1.966	-1.157;-0.448	000001000000000	1.000	1.000	1	144.65	399994	397470	1.00		27	27
#	-1.198;-0.189	001001001001101	0.084	0.609	2	209.17	399950	397512	0.50		67	1193
0.701;2.089	#	000001000000000	0.192	0.719	1	155.56	399994	397571	0.50		33	109
-0.014;0.691	#	000001110010000	0.049	0.547	1	211.68	399887	397593	0.50		18	1086
-0.703;0.021	-0.900;0.288	100101001011000	0.114	0.648	1	214.62	399878	397620	1.00		10	953
0.701;2.089	-0.618;0.608	000001000000000	0.199	0.724	1	165.80	399944	397622	1.00		14	81
-0.403;0.073	0.097;0.698	100001010010010	0.477	0.863	1	199.42	399947	397655	1.00		105	256
-0.521;0.708	-1.150;0.203	000001011010100	0.170	0.702	1	227.55	399902	397725	1.00		40	1392
-0.992;0.436	-0.864;0.535	100101011011100	0.109	0.642	1	212.39	399854	397757	1.00		9	1691
-0.872;-0.148	-1.039;-0.502	000001001100000	0.142	0.677	2	187.40	399855	397758	1.00		9	201
-1.001;-0.914	-0.556;0.632	110000000000000	0.132	0.667	1	111.50	397791	397791	1.00		0	6
0.514;6.272	-0.423;0.511	000001000010000	0.392	0.829	1	183.18	399962	397808	1.00		67	161
#	0.352;0.903	000010000010000	0.022	0.467	1	162.96	399983	397835	0.50		56	402
-0.122;0.985	-0.039;0.221	000001011010000	0.312	0.792	1	221.35	399939	397842	1.00		12	210
-0.403;0.212	#	100001010010010	0.059	0.569	1	225.02	399947	397850	0.50		105	1043
#	-0.436;0.207	110001001001000	0.058	0.566	1	213.52	399951	397854	0.50		51	1070
-0.706;0.646	#	100001011011101	0.107	0.640	1	207.60	399982	397885	0.50		90	1882
-0.013;0.710	#	000001011011100	0.178	0.708	1	211.68	399993	397927	0.50		74	940
-0.010;0.527	-0.542;0.272	100001011011100	0.462	0.857	1	234.51	399860	397929	1.00		32	451
-0.566;0.646	#	100001011011101	0.137	0.672	1	216.48	399982	397943	0.50		88	1700
-0.323;0.629	-0.766;0.281	000001011011100	0.397	0.831	1	230.57	399993	397972	1.00		72	987
-0.858;0.075	-0.804;-0.095	001101001111000	0.071	0.588	2	212.22	399379	397981	1.00		3	656
-0.245;0.884	-0.992;-0.540	000001001001101	0.295	0.783	1	208.38	399963	397987	1.00		72	256
-2.041;-0.488	-1.266;-0.307	000000000100000	0.081	0.604	1	174.12	399971	398012	1.00		34	139
-0.709;-0.099	-0.916;0.138	101101001101000	0.119	0.654	1	210.89	399453	398055	1.00		2	560
-0.287;0.378	#	100001001011100	0.159	0.692	1	222.06	399461	398063	0.50		4	1081
-0.914;-0.527	-0.556;0.632	110000000000000	0.044	0.534	1	177.48	399965	398096	1.00		32	170
-0.927;0.381	0.565;4.961	000000000010010	0.110	0.643	1	157.95	399953	398111	1.00		34	123
-0.555;0.588	0.353;4.961	000000000010010	0.050	0.550	1	168.48	399953	398111	1.00		34	316
0.020;1.093	-0.827;0.635	000001010010000	0.098	0.629	1	211.70	399995	398122	1.00		49	793
#	-0.230;0.709	001001011001101	0.017	0.443	1	199.90	398130	398130	0.50		0	957
0.199;1.764	-1.303;0.203	000001011010100	0.229	0.744	1	206.70	399902	398168	1.00		33	433
0.694;6.789	-0.423;0.511	000001000010000	0.815	0.960	2	166.98	399962	398170	1.00		44	50
-0.960;-0.015	-0.761;0.216	100101001101000	0.088	0.615	1	209.89	399929	398184	1.00		19	671
-0.764;0.748	-0.161;0.759	100001011011000	0.136	0.671	1	200.88	399991	398192	1.00		29	814
-1.118;-0.299	#	100100000100000	0.019	0.451	2	186.53	399969	398194	0.50		23	448
0.020;1.093	#	000001010010000	0.078	0.601	1	202.38	399995	398198	0.50		45	847
#	-0.827;0.576	000001010010000	0.026	0.482	1	207.52	399995	398198	0.50		45	1627
-0.634;0.147	-0.911;0.162	101001011011100	0.204	0.727	1	230.95	399903	398199	1.00		14	744
#	-1.623;0.161	101001011011100	0.108	0.641	1	211.55	399903	398199	0.50		14	1314
#	0.646;1.629	000010000010000	0.222	0.740	1	144.57	399983	398210	0.50		45	111
#	-0.546;0.067	001101001101000	0.021	0.461	1	217.80	399611	398213	0.50		6	871
-0.256;0.886	#	000001100010000	0.019	0.452	1	209.90	399958	398273	0.50		45	1215
-0.253;1.299	-0.139;1.283	000001100010000	0.046	0.541	1	191.76	399958	398273	1.00		45	661
-0.399;0.592	-0.542;0.339	100001011011100	0.449	0.852	1	232.86	399998	398275	1.00		153	753
0.403;0.917	-0.699;-0.220	000001010000000	0.053	0.556	3	205.20	399702	398304	1.00		3	85
-0.152;0.705	0.646;1.629	000010000010000	0.370	0.820	1	153.99	399983	398311	1.00		41	76
0.199;0.708	#	000001011010100	0.163	0.696	1	202.31	399902	398317	0.50		29	489
-0.898;-0.212	-1.260;-0.109	000001001101000	0.065	0.578	1	200.90	399729	398331	1.00		6	348
-0.895;0.967	#	001001001001101	0.023	0.471	1	202.28	399950	398332	0.50		44	1658
#	-1.342;0.058	001001001101000	0.035	0.511	2	211.55	399927	398348	0.50		17	1116
#	-0.761;0.101	100101001101000	0.041	0.529	1	211.65	399929	398374	0.50		18	1054
-0.204;0.460	-0.766;0.281	000001011011100	0.420	0.841	2	233.11	399993	398377	1.00		60	582
-0.122;0.985	#	000001011010000	0.098	0.629	1	204.89	399939	398379	0.50		11	972
#	-0.679;0.030	000001011011101	0.126	0.661	1	216.18	399986	398401	0.50		83	875
-0.706;0.548	#	100001011011101	0.110	0.643	1	207.77	399982	398430	0.50		66	1345
-0.909;0.005	-0.680;0.259	110101001001000	0.075	0.595	1	214.05	399876	398444	1.00		17	573
0.020;1.296	-0.003;0.572	000001010010000	0.260	0.764	1	205.67	399995	398455	1.00		31	231
0.014;1.290	#	000001010010000	0.079	0.602	1	202.38	399995	398455	0.50		41	737
#	-0.184;0.272	100001011011100	0.263	0.766	2	214.06	399998	398485	0.50		100	459
-0.895;0.520	#	001001001001101	0.028	0.488	1	206.97	399950	398552	0.50		38	1286
-0.374;0.570	#	001001001001101	0.048	0.546	1	216.19	399950	398552	0.50		38	1010
-0.803;0.244	0.565;5.947	000000000010010	0.208	0.730	2	158.73	399953	398555	1.00		26	65
0.271;1.291	0.295;1.062	000000000010000	0.073	0.592	1	153.53	399978	398580	1.00		8	104
0.694;6.789	#	000001000010000	0.539	0.884	2	155.97	399962	398613	0.50		41	63
0.453;1.100	-0.721;1.346	000001000010000	0.182	0.711	1	181.17	399962	398613	1.00		49	195
-0.374;1.850	-0.133;0.442	000001011011000	0.283	0.777	1	215.64	399870	398649	1.00		23	367
-0.715;0.695	0.155;1.226	100001000010010	0.103	0.635	1	180.16	399970	398661	1.00		35	348
-0.879;0.646	#	100001011011101	0.091	0.619	1	206.82	399982	398670	0.50		56	1235
-0.566;0.548	#	100001011011101	0.142	0.677	1	216.88	399982	398670	0.50		56	1057
-0.858;0.477	-0.804;-0.095	001101001111000	0.060	0.569	1	215.70	399379	398680	1.00		1	587
#	-1.105;-0.540	000001001001101	0.112	0.646	1	195.29	399963	398686	0.50		47	255
-0.419;0.476	-2.537;-0.506	000001001000000	0.096	0.626	1	219.67	399806	398793	1.00		11	171
-0.803;0.244	0.607;5.534	000000000010010	0.261	0.764	1	156.57	399953	398810	1.00		21	42
-0.396;0.861	0.330;1.027	000010100010000	0.025	0.477	1	168.08	399510	398811	1.00		4	212
0.428;0.767	-1.063;0.608	000001000000000	0.024	0.474	1	196.57	399862	398817	1.00		8	132
-0.374;0.466	-0.074;0.521	000001011011000	0.242	0.753	1	221.47	399870	398819	1.00		20	259
-0.048;1.850	-1.991;1.970	000001011011000	0.117	0.651	1	202.80	399870	398819	1.00		20	655
-0.229;0.494	0.198;0.849	000001000010010	0.123	0.657	1	191.03	399558	398859	1.00		2	195
-0.053;1.033	-0.810;-0.470	000001011010101	0.138	0.673	1	213.25	398860	398860	1.00		0	120
-2.355;-0.386	-0.159;1.202	100000000000000	0.081	0.605	1	176.77	399996	398866	1.00		19	76
#	-1.716;-0.298	000001001001101	0.099	0.630	1	209.97	399992	398895	0.50		56	428
#	-2.372;-0.506	000001001000000	0.065	0.579	1	204.17	399865	398958	0.50		11	224
-0.303;0.383	-0.966;-0.008	000001011001101	0.355	0.813	1	235.61	399941	398986	1.00		7	332
0.694;6.789	-0.513;0.828	000001000010000	0.655	0.919	1	157.45	399962	398996	1.00		28	37
0.403;0.917	-0.881;-0.220	000001010000000	0.044	0.535	1	198.97	399702	399003	1.00		1	60
0.006;0.540	0.646;1.204	000010000010000	0.546	0.886	1	153.41	399983	399010	1.00		24	36
-1.094;0.652	#	101001011011101	0.073	0.592	1	206.72	399928	399012	0.50		5	920
-0.449;0.925	-1.748;-0.298	000001001001101	0.204	0.728	1	219.67	399992	399048	1.00		46	291
-0.267;0.399	-0.542;0.272	100001011011100	0.575	0.895	1	238.09	399998	399059	1.00		83	293
-0.192;0.592	-0.542;0.272	100001011011100	0.478	0.863	1	236.14	399976	399059	1.00		54	306
#	-1.228;1.233	000001010010100	0.033	0.504	3	202.28	399979	399067	0.50		20	932
-0.245;0.884	#	000001001001101	0.054	0.557	1	211.31	399992	399084	0.50		45	630
-1.191;-0.030	-0.886;-0.349	000000001100000	0.022	0.465	1	200.81	399793	399094	1.00		5	164
-0.419;0.907	-2.537;-0.506	000001001000000	0.097	0.627	1	213.35	399806	399107	1.00		7	144
-0.521;0.015	-1.150;0.203	000001011010100	0.094	0.624	1	233.45	399123	399123	1.00		0	272
#	0.136;1.081	100001000010010	0.095	0.625	2	174.30	399970	399128	0.50		23	242
#	0.287;0.883	100001000010010	0.127	0.662	1	163.42	399970	399128	0.50		23	173
-0.330;1.035	-1.288;-0.169	001001011011101	0.238	0.751	1	221.14	399830	399131	1.00		2	298
-0.024;0.915	#	000001011011101	0.144	0.679	1	203.50	399986	399133	0.50		45	435
-0.992;0.436	-0.615;0.286	100101011011100	0.179	0.709	1	221.40	399854	399155	1.00		3	455
#	-0.911;0.162	101001011011100	0.107	0.639	1	211.55	399903	399169	0.50		6	604
-0.634;0.147	#	101001011011100	0.141	0.676	1	215.43	399903	399169	0.50		6	455
-0.413;0.212	#	100001010010010	0.060	0.569	1	225.02	399947	399187	0.50		38	392
-0.245;0.925	-1.748;-0.552	000001001001101	0.280	0.775	1	207.61	399891	399192	1.00		25	93
#	-0.441;0.203	000001011010100	0.122	0.656	1	213.86	399902	399203	0.50		13	406
-0.080;1.975	-0.730;-0.059	000001011010101	0.294	0.783	1	221.80	399904	399205	1.00		11	222
#	-0.579;0.632	000001011010101	0.071	0.589	1	210.36	399904	399205	0.50		11	612
-0.403;0.079	0.097;0.698	100001010010010	0.468	0.859	1	199.42	399947	399248	1.00		33	85
-0.533;0.073	#	100001010010010	0.047	0.543	1	223.46	399947	399248	0.50		32	351
-0.242;0.330	-0.679;0.030	000001011011101	0.552	0.888	1	244.41	399986	399260	1.00		30	171
-0.200;1.384	-0.992;-0.298	000001001001101	0.251	0.759	1	219.87	399992	399264	1.00		36	179
-0.200;0.884	-1.221;-0.341	000001001001101	0.282	0.776	1	220.83	399992	399264	1.00		36	160
-0.329;1.511	-0.984;0.146	100001011011101	0.257	0.762	1	219.73	399982	399283	1.00		30	372
0.701;1.855	-1.135;-0.120	000001000000000	0.463	0.857	1	163.92	399994	399295	1.00		8	14
-0.914;-0.400	0.133;0.632	110000000000000	0.056	0.561	1	156.50	399303	399303	1.00		0	17
0.348;1.205	-0.513;0.704	000001000010000	0.182	0.711	1	185.58	399962	399312	1.00		24	104
-0.895;0.520	-1.395;-0.054	001001001001101	0.097	0.627	1	215.51	399950	399314	1.00		18	355
-0.399;0.330	-0.428;0.130	100001011011100	0.624	0.910	1	241.49	399998	399321	1.00		55	172
-0.399;0.229	-0.542;1.130	100001011011100	0.276	0.773	1	225.91	399998	399321	1.00		58	281
-0.803;0.244	0.607;5.257	000000000010010	0.237	0.750	1	156.66	399953	399323	1.00		12	24
0.694;6.272	-0.428;0.761	000001000010000	0.720	0.937	1	157.79	399962	399344	1.00		17	21
-0.764;0.333	-0.469;0.529	100001011011000	0.206	0.729	1	211.99	399991	399394	1.00		9	311
-0.334;0.444	#	100001011011000	0.150	0.684	1	216.03	399991	399394	0.50		9	372
0.293;0.826	-0.925;-0.350	000001000000100	0.098	0.629	2	208.42	399599	399403	1.00		3	44
-0.884;0.163	#	100001001011000	0.085	0.611	1	204.93	399835	399409	0.50		4	376
-0.698;0.369	-1.480;-0.139	001001001000000	0.032	0.502	1	221.31	399989	399444	1.00		3	215
-0.810;0.572	-0.028;1.136	100001010010000	0.094	0.624	1	188.15	399770	399471	1.00		1	185
-0.905;0.401	-0.436;0.207	110001001001000	0.092	0.621	1	220.98	399951	399480	1.00		12	213
-1.219;0.294	-1.028;0.237	101101001011000	0.075	0.595	1	216.39	399753	399504	1.00		1	287
-0.171;0.747	-1.660;0.165	000001001000100	0.114	0.648	1	227.85	399942	399506	1.00		7	207
#	0.353;5.257	000000000010010	0.048	0.544	1	161.86	399953	399509	0.50		8	92
0.428;1.190	-1.998;0.608	000001000000000	0.051	0.552	1	185.86	399994	399516	1.00		11	72
#	-1.112;-0.383	001001001100000	0.047	0.542	1	205.12	399901	399523	0.50		3	150
0.014;0.330	#	000001011011101	0.270	0.770	1	220.91	399986	399527	0.50		20	128
-0.242;0.367	-1.482;0.030	000001011011101	0.434	0.846	1	238.42	399986	399527	1.00		24	147
#	-1.473;0.158	001001011001101	0.080	0.604	1	211.55	399667	399528	0.50		2	344
-0.013;0.710	-0.501;0.281	000001011011100	0.502	0.871	1	230.55	399993	399581	1.00		17	110
-0.200;0.521	-1.748;-0.298	000001001001101	0.426	0.843	1	228.31	399992	399594	1.00		24	86
#	0.565;5.947	000000000010010	0.082	0.606	1	146.65	399953	399595	0.50		7	33
0.293;1.309	-0.925;-0.350	000001000000100	0.082	0.606	1	201.71	399599	399599	1.00		0	29
-0.839;-0.039	-1.160;0.067	001101001101000	0.064	0.576	1	209.06	399818	399611	1.00		3	130
#	-0.984;1.198	100001011011101	0.081	0.604	1	202.28	399982	399614	0.50		13	385
#	-1.654;0.704	000001000010000	0.015	0.429	1	206.60	399962	399626	0.50		11	357
-0.616;0.520	#	001001001001101	0.050	0.549	1	211.11	399950	399635	0.50		9	303
-0.908;0.583	-1.198;-0.189	001001001001101	0.108	0.641	1	213.94	399950	399635	1.00		9	169
#	0.097;0.671	100001010010010	0.145	0.679	2	190.31	399947	399653	0.50		14	79
-1.173;0.907	-3.213;-0.506	000001001000000	0.059	0.568	1	204.26	399865	399657	1.00		3	74
-0.419;0.141	-2.537;-0.506	000001001000000	0.085	0.610	1	224.04	399806	399657	1.00		2	32
-0.374;1.850	-0.126;0.442	000001011011000	0.296	0.784	1	215.53	399870	399672	1.00		5	84
-0.403;1.026	-0.133;0.410	000001011011000	0.313	0.792	2	218.75	399870	399672	1.00		5	82
-0.707;0.387	-0.161;0.529	100001011011000	0.250	0.758	1	212.59	399991	399675	1.00		3	99
#	-0.469;0.529	100001011011000	0.167	0.699	1	208.55	399991	399675	0.50		3	217
#	-0.097;0.996	000001110010000	0.047	0.541	1	184.69	399887	399690	0.50		3	132
-0.903;0.163	-1.100;0.798	110001001011000	0.068	0.584	1	204.93	399972	399699	1.00		1	184
-0.903;0.806	-1.100;0.468	110001001011000	0.062	0.574	1	211.93	399972	399699	1.00		1	254
0.403;0.917	#	000001010000000	0.034	0.509	1	179.78	399702	399702	0.50		0	46
-0.200;0.884	-1.105;-0.341	000001001001101	0.348	0.810	1	220.86	399992	399705	1.00		16	60
-0.425;0.966	-1.991;0.410	000001011011000	0.180	0.709	1	219.14	399870	399710	1.00		4	192
-1.060;0.274	-1.160;0.067	001101001101000	0.052	0.553	1	213.73	399818	399734	1.00		1	132
-0.677;0.066	-1.188;-0.133	001001001001000	0.073	0.593	1	220.39	399788	399744	1.00		2	84
-0.034;1.223	#	000001000010000	0.048	0.546	1	202.80	399962	399748	0.50		8	142
0.348;5.732	-1.654;0.704	000001000010000	0.131	0.666	1	191.01	399962	399748	1.00		8	50
#	-1.081;-0.468	001001001000100	0.088	0.615	1	205.03	399749	399749	0.50		0	60
-0.137;0.415	-0.003;0.572	000001010010000	0.190	0.717	1	215.94	399995	399751	1.00		3	37
-0.399;0.592	#	100001011011100	0.194	0.720	1	216.90	399998	399758	0.50		26	172
#	-0.398;0.579	100001011011100	0.187	0.715	1	210.57	399998	399758	0.50		26	154
-0.257;0.667	-0.679;0.155	000001011011101	0.454	0.854	1	233.06	399986	399761	1.00		13	95
#	-0.028;0.489	100001010010000	0.176	0.707	1	201.44	399770	399770	0.50		0	56
-1.118;-0.299	-0.969;0.277	100100000100000	0.024	0.473	1	192.39	399969	399781	1.00		5	52
0.483;2.438	#	000001010010100	0.159	0.692	1	177.94	399979	399792	0.50		4	31
-0.863;0.592	-0.542;0.339	100001011011100	0.239	0.751	1	215.52	399998	399810	1.00		23	111
-0.538;2.508	#	000001010010100	0.064	0.578	1	209.36	399979	399817	0.50		3	162
-0.566;1.051	-0.755;0.301	100001011011101	0.247	0.756	1	219.71	399982	399828	1.00		6	113
-0.884;0.163	-0.381;0.403	100001001011000	0.185	0.714	1	215.76	399835	399835	1.00		0	58
#	-0.539;0.457	000001011011100	0.144	0.679	1	211.77	399993	399845	0.50		7	104
-0.013;0.710	-1.379;0.281	000001011011100	0.386	0.827	1	225.96	399993	399845	1.00		7	52
-0.470;0.369	-1.480;-0.139	001001001000000	0.031	0.500	1	232.51	399989	399872	1.00		1	43
0.543;1.172	-0.721;0.684	000001000010000	0.415	0.839	1	183.03	399962	399879	1.00		5	12
0.514;6.742	-0.351;0.763	000001000010000	0.351	0.811	1	175.52	399962	399879	1.00		4	12
-0.399;0.330	-0.650;0.059	100001011011100	0.488	0.866	1	239.25	399998	399893	1.00		11	32
0.020;0.657	0.079;0.635	000001010010000	0.237	0.750	1	204.94	399995	399896	1.00		3	12
#	-0.212;0.593	100001001001000	0.030	0.495	1	201.16	399913	399913	0.50		0	38
#	-1.327;-0.196	000001001000100	0.026	0.480	1	209.42	399942	399915	0.50		1	39
-0.453;0.901	#	000001001000100	0.023	0.472	1	212.07	399942	399915	0.50		1	66
-0.715;0.695	0.136;1.081	100001000010010	0.076	0.596	2	179.44	399970	399916	1.00		3	23
#	0.097;0.698	100001010010010	0.176	0.707	1	185.77	399947	399921	0.50		2	17
#	0.607;5.087	000000000010010	0.013	0.417	1	133.25	399953	399953	0.50		0	4
-0.803;0.244	0.353;5.257	000000000010010	0.132	0.667	1	189.00	399953	399953	1.00		0	3
-0.706;0.548	-0.755;0.146	100001011011101	0.120	0.655	1	217.90	399982	399982	1.00		0	10
-0.624;-0.128	-0.741;0.145	100101001111000	0.186	0.714	1	228.00	399985	399985	1.00		0	1
#	-1.414;-0.504	001001001000000	0.031	0.500	1	206.67	399989	399989	0.50		0	3
