att1	att2	Phenotype	Fitness	Accuracy	Numerosity	AveMatchSetSize	TimeStampGA	InitTimeStamp	Specificity	DeletionProb	CorrectCount	MatchCount
-0.572;-0.020	-0.515;0.090	1010111011	0.000	0.095	1	346.31	4851	0	1.00		76	802
-0.032;1.015	-0.643;-0.171	1111001011	0.000	0.127	6	382.58	4988	1	1.00		155	1220
#	0.334;1.297	0000001010	0.000	0.130	10	242.58	4919	2	0.50		115	883
#	-0.741;-0.061	1111101011	0.000	0.125	8	374.49	4986	3	0.50		308	2458
-0.692;0.749	-1.137;0.279	1110111011	0.001	0.267	10	364.46	4995	4	1.00		919	3444
-1.011;-0.202	-0.300;0.229	0000011100	0.004	0.323	2	321.37	4959	5	1.00		215	665
0.312;1.319	-0.689;-0.217	1010000010	0.000	0.079	4	366.01	4961	6	1.00		54	685
-0.629;0.101	-0.806;-0.296	1010111001	0.000	0.007	2	344.59	3506	7	1.00		4	598
-0.343;0.959	-0.878;0.407	1110101011	0.000	0.143	7	363.51	4997	8	1.00		502	3522
-0.364;0.287	0.083;1.349	0010001010	0.001	0.223	4	288.82	4974	14	1.00		192	861
-0.167;1.294	#	0010001010	0.000	0.064	3	339.59	4974	15	0.50		226	3505
-1.045;-0.255	-0.508;-0.036	0000011000	0.000	0.214	4	320.66	4945	16	1.00		81	378
#	-0.247;0.433	1110001011	0.000	0.026	6	331.40	4933	17	0.50		68	2656
-1.316;-0.309	#	0000011100	0.002	0.287	7	302.91	4959	19	0.50		277	966
-0.655;0.332	#	1010011011	0.000	0.116	10	351.70	4958	22	0.50		337	2902
#	-0.379;0.735	1010000011	0.000	0.030	7	341.77	4990	23	0.50		111	3716
-0.116;1.305	-0.571;0.354	1111001011	0.000	0.073	2	367.08	4988	27	1.00		180	2474
-0.746;0.181	#	1010111011	0.000	0.043	5	330.57	4851	31	0.50		110	2583
#	-0.296;1.120	1010001011	0.000	0.087	8	317.60	4977	32	0.50		304	3475
-0.096;1.305	-1.123;-0.405	1000000000	0.000	0.115	10	350.20	4931	38	1.00		80	693
0.319;1.385	-0.442;0.295	1010000010	0.000	0.120	5	342.10	4989	41	1.00		129	1078
-1.154;-0.660	#	0000010100	0.000	0.178	4	226.36	4914	46	0.50		58	325
-0.763;-0.092	#	0000011010	0.000	0.064	9	307.16	4964	51	0.50		103	1609
0.083;1.366	#	1011000011	0.000	0.012	3	331.59	4813	59	0.50		29	2492
-0.655;0.125	#	1010011011	0.000	0.146	1	335.80	4958	61	0.50		332	2270
0.437;1.306	-0.035;0.663	1010000010	0.000	0.170	1	284.02	4943	64	1.00		85	499
-0.392;0.959	-0.878;0.407	1110101011	0.000	0.139	3	363.51	4997	65	1.00		495	3568
-1.017;0.009	-0.321;0.302	0000011110	0.000	0.014	2	334.54	4992	73	1.00		17	1202
-0.139;0.808	#	1110101001	0.000	0.021	6	342.83	4993	74	0.50		64	3100
-0.155;0.655	-0.147;0.533	1010101011	0.000	0.009	1	310.09	4084	84	1.00		11	1181
#	-0.805;0.593	1011001011	0.000	0.032	8	353.43	4932	85	0.50		144	4516
0.455;1.106	-1.078;0.207	1010000011	0.000	0.093	3	312.69	4904	89	1.00		83	888
-0.167;1.294	0.193;0.798	0010001010	0.001	0.265	1	282.46	4974	92	1.00		224	846
#	-0.061;0.713	0000000010	0.000	0.001	2	303.40	3594	95	0.50		2	2223
-0.662;0.127	-1.086;-0.085	1010101001	0.000	0.002	2	370.91	3596	97	1.00		2	1037
-0.842;0.046	#	1000011010	0.000	0.052	8	324.32	4998	113	0.50		115	2206
-1.455;-1.154	#	0000010100	0.024	0.750	1	8.00	114	114	0.50		0	0
#	-1.043;-0.174	1100001001	0.000	0.054	9	376.25	4889	117	0.50		107	1980
0.548;1.397	-0.560;-0.050	0010000010	0.000	0.017	1	331.84	4742	121	1.00		7	420
#	-0.889;-0.171	0000011000	0.000	0.044	1	376.25	4945	135	0.50		87	1972
0.083;1.307	-1.045;-0.270	1000001001	0.000	0.011	2	366.12	4930	137	1.00		10	880
-1.361;-0.453	#	0000010000	0.000	0.024	3	273.59	4664	139	0.50		15	625
0.389;1.139	0.187;0.961	0010000010	0.000	0.128	7	254.42	4949	149	1.00		53	413
-0.844;-0.272	-1.263;0.040	0000001000	0.000	0.033	1	327.46	4318	151	1.00		16	483
0.058;1.144	-0.973;-0.123	1110001001	0.000	0.018	7	372.47	4876	152	1.00		24	1298
-0.299;1.122	-1.197;-0.196	1000000001	0.000	0.005	1	375.89	3808	155	1.00		8	1623
#	-0.989;-0.063	1110001011	0.000	0.011	3	374.26	4797	161	0.50		26	2445
-1.698;-0.257	-0.496;0.770	0000000100	0.000	0.026	4	302.30	4707	162	1.00		26	1007
0.461;1.231	0.464;1.257	0000000010	0.000	0.188	4	193.54	4999	187	1.00		29	154
0.897;1.385	-0.442;0.295	1010000010	0.463	0.857	2	252.64	4989	190	1.00		54	63
-0.032;1.808	-0.643;-0.171	1111001011	0.000	0.129	4	382.58	4988	196	1.00		151	1168
-0.415;0.332	#	1010011011	0.000	0.133	2	358.45	4958	212	0.50		326	2442
-0.733;-0.660	-0.160;0.425	0000010100	0.000	0.000	1	222.27	213	213	1.00		0	58
-0.762;-0.269	0.258;1.335	0000001000	0.000	0.134	2	247.77	4973	218	1.00		32	239
-0.641;0.820	-1.199;0.123	1110111001	0.000	0.011	3	371.49	4429	229	1.00		32	2830
-0.882;0.401	-1.109;-0.410	1000000000	0.000	0.093	2	349.88	4931	235	1.00		58	627
-0.774;-0.309	#	0000011100	0.002	0.294	4	307.22	4959	238	0.50		228	775
#	-0.298;0.986	0000011000	0.000	0.017	4	317.60	4784	241	0.50		57	3340
-0.669;0.377	0.231;1.591	0000000010	0.000	0.045	3	263.19	4702	246	1.00		34	748
-0.692;0.749	-1.137;-0.154	1110111011	0.001	0.264	2	380.88	4995	253	1.00		483	1833
#	-0.296;0.650	1010001011	0.000	0.095	2	336.79	4977	268	0.50		289	3031
#	-0.805;0.458	1011001011	0.000	0.034	1	356.21	4932	272	0.50		140	4151
-0.139;0.031	#	1110101001	0.000	0.013	1	345.10	4709	278	0.50		8	626
-0.364;0.287	#	0010001010	0.000	0.083	1	345.10	4974	282	0.50		181	2171
-0.036;1.286	-0.805;0.593	1011001011	0.000	0.055	2	357.84	4932	319	1.00		139	2546
0.058;1.144	-0.973;-0.558	1110001001	0.000	0.083	1	271.53	4876	332	1.00		16	192
#	-1.675;-0.063	1110001011	0.000	0.010	1	374.26	4797	355	0.50		24	2356
0.455;1.106	-0.460;0.207	1010000011	0.000	0.115	2	316.36	4904	376	1.00		75	651
-1.027;-0.139	-0.298;0.986	0000011000	0.000	0.047	1	299.96	4784	384	1.00		54	1142
0.058;0.913	-0.973;-0.123	1110001001	0.000	0.016	1	377.70	4876	443	1.00		19	1181
-0.032;1.995	-0.643;-0.171	1111001011	0.000	0.130	1	382.58	4988	447	1.00		144	1110
-1.045;-0.482	-0.508;-0.036	0000011000	0.009	0.388	2	275.53	4945	455	1.00		71	183
-0.343;0.959	-0.878;0.493	1110101011	0.000	0.134	2	362.64	4997	457	1.00		448	3342
-1.114;0.367	#	1000011000	0.000	0.001	1	349.25	3966	467	0.50		3	3086
#	-0.958;-0.089	1010001011	0.000	0.002	1	374.44	4228	477	0.50		4	2205
-0.692;0.749	#	1110111011	0.000	0.211	5	336.18	4995	487	0.50		833	3940
-1.011;-0.202	#	0000011100	0.000	0.208	2	303.24	4959	495	0.50		253	1215
#	-0.300;0.229	0000011100	0.000	0.098	2	351.42	4959	495	0.50		196	1999
#	-0.496;0.770	0000000100	0.000	0.005	2	348.25	4707	504	0.50		21	3846
#	0.421;0.735	1010000011	0.000	0.016	1	244.89	4113	509	0.50		7	438
-0.096;1.305	-0.405;-0.233	1000000000	0.000	0.000	1	386.33	515	515	1.00		0	500
-0.877;-0.008	0.334;1.297	0000001010	0.000	0.148	2	235.48	4873	528	1.00		49	330
-0.718;0.032	-0.465;0.801	1000011011	0.000	0.008	4	321.24	4965	552	1.00		12	1537
-1.045;-0.482	#	0000011000	0.000	0.197	3	273.03	4945	587	0.50		104	527
-1.052;-0.164	-0.889;-0.036	0000011000	0.000	0.132	1	328.92	4945	587	1.00		77	582
#	-0.643;-0.171	1111001011	0.000	0.082	6	377.28	4988	589	0.50		134	1633
#	-0.961;-0.741	1111101011	0.000	0.000	1	218.80	612	612	0.50		0	76
-0.270;0.973	-0.741;-0.061	1111101011	0.000	0.152	3	375.93	4986	612	1.00		274	1806
-0.746;0.181	-0.428;0.649	1010111011	0.000	0.049	1	338.21	4851	618	1.00		85	1742
#	-0.878;0.407	1110101011	0.000	0.114	4	356.31	4997	627	0.50		429	3761
#	-0.285;0.593	1011001011	0.000	0.025	4	334.81	4804	628	0.50		67	2706
-0.572;-0.020	-0.316;0.090	1010111011	0.000	0.099	2	351.27	4851	642	1.00		47	476
#	-0.515;0.090	1010111011	0.000	0.028	2	367.01	4851	642	0.50		64	2283
-1.337;-0.212	#	0000001000	0.000	0.040	2	303.24	4973	662	0.50		46	1143
-0.762;-0.378	0.258;1.335	0000001000	0.000	0.209	1	229.41	4973	679	1.00		27	129
-0.343;0.959	-0.528;0.407	1110101011	0.000	0.155	2	363.31	4997	680	1.00		418	2697
-0.756;0.389	-0.891;-0.305	1110001001	0.000	0.012	2	357.32	4488	684	1.00		10	826
#	-0.804;0.593	1011001011	0.000	0.032	1	353.43	4932	689	0.50		126	3962
#	-0.225;1.135	0000011010	0.000	0.023	1	297.30	4924	701	0.50		63	2751
-0.692;0.120	-1.137;0.279	1110111011	0.035	0.511	5	348.37	4995	722	1.00		798	1562
-1.045;-0.482	-0.889;-0.171	0000011000	0.158	0.692	1	275.51	4945	725	1.00		74	107
0.083;1.366	-1.167;0.250	1011000011	0.000	0.014	1	363.71	4813	738	1.00		23	1651
-0.873;0.311	-0.966;-0.400	1000001001	0.000	0.031	1	340.92	4727	742	1.00		16	516
-0.655;-0.217	#	1010011011	0.000	0.149	4	314.49	4942	744	0.50		123	828
-1.013;0.191	0.153;0.776	1000001010	0.000	0.003	1	271.12	4259	760	1.00		2	736
0.257;1.224	-0.856;-0.233	1010000001	0.000	0.008	2	371.20	4262	763	1.00		5	665
0.009;1.391	#	1010001001	0.000	0.002	1	333.16	4276	777	0.50		5	2355
#	0.083;1.349	0010001010	0.000	0.159	5	272.83	4974	781	0.50		249	1567
-1.545;0.332	-0.539;0.424	1010011011	0.000	0.126	2	361.57	4958	801	1.00		270	2150
0.029;1.194	-0.296;1.120	1010001011	0.000	0.170	1	310.11	4977	803	1.00		258	1522
-0.245;0.624	0.334;1.297	0000001010	0.000	0.128	1	248.63	4919	811	1.00		56	439
-0.116;1.995	-0.643;0.772	1111001011	0.000	0.059	2	358.82	4988	822	1.00		150	2537
-0.032;1.305	-0.571;-0.171	1111001011	0.000	0.131	1	384.82	4988	822	1.00		125	953
-0.096;1.305	#	1000000000	0.000	0.026	1	339.88	4931	823	0.50		70	2667
-0.564;0.483	0.334;1.297	0000001010	0.000	0.162	1	256.00	4919	853	1.00		77	475
0.122;1.424	-0.379;0.735	1010000011	0.000	0.068	2	327.44	4990	865	1.00		95	1405
-1.316;-0.309	-0.300;0.229	0000011100	0.015	0.432	3	316.81	4959	866	1.00		181	419
-0.139;0.808	-0.819;-0.271	1110101001	0.000	0.058	3	375.51	4993	881	1.00		53	907
0.312;1.319	#	1010000010	0.000	0.093	2	318.52	4989	920	0.50		139	1488
-1.361;-1.287	#	0000010000	0.000	0.035	1	54.16	961	961	0.50		0	0
-0.669;0.377	#	0000000010	0.000	0.010	2	352.00	4702	967	0.50		26	2516
-0.168;0.878	-0.741;-0.061	1111101011	0.000	0.176	2	380.61	4986	979	1.00		256	1455
-0.655;0.332	-0.132;0.888	1010011011	0.000	0.191	1	303.21	4958	1000	1.00		248	1301
-1.044;0.749	-1.137;0.279	1110111011	0.001	0.253	1	364.26	4995	1001	1.00		743	2937
-1.045;-0.482	-0.849;0.058	0000011000	0.002	0.293	1	288.54	4945	1080	1.00		67	229
-1.184;0.959	-0.878;0.407	1110101011	0.000	0.114	3	356.31	4997	1083	1.00		380	3341
-0.766;0.576	-1.043;-0.174	1100001001	0.000	0.059	2	378.75	4889	1092	1.00		78	1311
#	-0.298;1.567	0000011000	0.000	0.017	2	317.60	4784	1109	0.50		47	2746
-0.894;0.749	#	1110111011	0.000	0.202	1	336.09	4995	1123	0.50		723	3576
-0.779;0.445	-1.285;0.132	1110101001	0.000	0.028	2	371.19	4993	1204	1.00		51	1799
-0.096;1.305	-0.685;-0.405	1000000000	0.000	0.002	1	354.13	4122	1207	1.00		1	460
0.543;1.372	-0.933;-0.178	1010000000	0.000	0.017	2	327.97	4713	1214	1.00		5	286
-0.364;1.294	0.083;1.349	0010001010	0.000	0.197	7	277.15	4974	1238	1.00		223	1132
#	-1.137;-0.154	1110111011	0.001	0.237	1	374.48	4995	1246	0.50		379	1597
-0.692;0.749	-0.636;-0.032	1110111011	0.002	0.288	1	382.11	4995	1246	1.00		479	1664
-0.032;1.015	#	1111001011	0.000	0.060	2	339.74	4988	1252	0.50		132	2208
-0.415;0.332	-0.342;0.791	1010011011	0.000	0.183	3	347.74	4958	1267	1.00		250	1363
-0.828;0.179	-1.162;0.066	1010011001	0.000	0.003	1	356.34	4783	1284	1.00		4	1182
#	-0.889;-0.036	0000011000	0.000	0.033	1	374.74	4945	1285	0.50		65	1959
-1.045;-0.255	#	0000011000	0.000	0.104	2	303.42	4945	1285	0.50		89	856
#	-0.878;0.558	1110101011	0.000	0.107	2	354.49	4997	1292	0.50		363	3377
-0.343;0.959	#	1110101011	0.000	0.118	3	339.99	4997	1317	0.50		360	3045
-0.364;1.294	#	0010001010	0.000	0.070	4	339.99	4974	1321	0.50		215	3091
-0.774;-0.309	-0.721;0.601	0000011100	0.003	0.310	2	319.74	4959	1334	1.00		171	551
-0.157;0.870	-0.296;1.120	1010001011	0.000	0.139	1	321.97	4977	1364	1.00		223	1610
#	-0.643;-0.060	1111001011	0.000	0.075	1	374.82	4988	1379	0.50		128	1715
0.199;1.364	-0.379;0.735	1010000011	0.000	0.072	2	329.65	4990	1405	1.00		80	1118
#	-0.442;0.295	1010000010	0.000	0.041	5	355.25	4989	1411	0.50		93	2255
#	-0.465;0.801	1000011011	0.000	0.003	2	344.77	4965	1424	0.50		9	2980
-1.300;-0.096	-0.889;0.058	0000011000	0.000	0.091	2	332.12	4945	1446	1.00		64	707
0.389;1.139	0.187;1.667	0010000010	0.000	0.121	2	254.42	4949	1450	1.00		37	306
-0.779;0.445	#	1110101001	0.000	0.019	2	352.62	4993	1452	0.50		47	2517
0.312;1.319	-1.063;-0.689	1010000010	0.000	0.000	1	210.68	1462	1462	1.00		0	43
-0.692;0.749	-0.331;0.443	1110111011	0.001	0.241	1	352.80	4995	1472	1.00		447	1851
-0.894;0.749	-1.137;-0.154	1110111011	0.001	0.252	2	379.85	4995	1496	1.00		352	1395
-0.415;0.332	-1.111;0.791	1010011011	0.000	0.132	2	358.45	4958	1508	1.00		230	1748
-0.574;0.689	#	1010011010	0.000	0.001	2	338.66	3201	1510	0.50		3	2836
0.058;1.144	-0.247;0.433	1110001011	0.000	0.054	1	332.72	4933	1549	1.00		48	885
0.389;1.139	#	0010000010	0.000	0.039	2	311.06	4949	1599	0.50		41	1043
0.319;1.305	-0.442;0.295	1010000010	0.000	0.114	1	342.10	4989	1608	1.00		85	743
#	-0.063;0.994	1010001010	0.000	0.004	3	287.69	3363	1617	0.50		6	1657
#	-0.316;0.090	1010111011	0.000	0.032	1	357.76	4851	1622	0.50		38	1186
#	-0.460;0.207	1010000011	0.000	0.026	1	361.61	4904	1634	0.50		51	1938
-0.415;0.332	-0.724;0.504	1010011011	0.000	0.145	1	368.81	4958	1636	1.00		217	1492
-0.116;0.737	-0.571;0.354	1111001011	0.000	0.080	2	375.03	4988	1645	1.00		120	1497
-0.706;0.241	-1.043;-0.174	1100001001	0.000	0.056	1	362.37	4889	1656	1.00		40	708
0.138;1.204	-0.296;1.120	1010001011	0.000	0.190	1	297.30	4977	1663	1.00		198	1042
-0.154;0.556	-1.043;-0.174	1100001001	0.000	0.067	1	384.57	4889	1729	1.00		52	772
-1.008;0.275	-0.916;-0.293	1000001000	0.000	0.005	1	344.98	3199	1759	1.00		3	555
-1.184;1.404	#	1110101011	0.000	0.102	1	334.31	4997	1772	0.50		328	3227
-0.774;-0.309	-0.516;0.523	0000011100	0.005	0.339	3	319.30	4959	1780	1.00		149	439
-1.002;0.262	0.334;1.297	0000001010	0.000	0.159	1	246.29	4919	1792	1.00		54	340
0.430;1.555	#	0000000010	0.000	0.024	1	296.39	4999	1801	0.50		21	864
-0.750;1.305	-1.123;-0.405	1000000000	0.000	0.112	1	349.05	4931	1802	1.00		70	626
#	0.258;1.335	0000001000	0.000	0.027	2	249.31	4973	1829	0.50		20	734
-1.014;-0.762	0.258;1.335	0000001000	0.000	0.071	1	148.34	4161	1829	1.00		2	28
#	-1.137;-0.277	1110111011	0.001	0.230	1	368.59	4995	1832	0.50		227	989
0.678;1.204	-0.296;1.120	1010001011	0.000	0.053	1	268.41	4947	1843	1.00		13	245
-0.364;1.294	0.083;1.686	0010001010	0.000	0.194	2	277.15	4974	1859	1.00		183	941
-1.045;-0.139	-0.298;0.986	0000011000	0.000	0.047	1	299.96	4784	1903	1.00		36	761
0.312;2.129	-0.689;-0.217	1010000010	0.000	0.081	1	366.01	4961	1906	1.00		34	420
-0.763;-0.092	-0.688;0.275	0000011010	0.000	0.065	1	326.28	4964	1920	1.00		49	754
#	-1.137;0.279	1110111011	0.001	0.232	3	360.29	4995	1928	0.50		559	2407
-0.249;0.046	#	1000011010	0.000	0.000	1	341.04	1936	1936	0.50		0	711
0.046;1.191	-0.296;0.650	1010001011	0.000	0.187	1	325.66	4977	1977	1.00		186	993
#	-0.063;1.092	1010001010	0.000	0.003	1	287.69	3363	2023	0.50		4	1465
-0.572;-0.020	#	1010111011	0.000	0.070	1	315.69	4851	2040	0.50		68	968
-0.056;1.207	-0.247;0.433	1110001011	0.000	0.042	1	333.59	4933	2043	1.00		37	891
-0.364;1.030	0.083;1.349	0010001010	0.000	0.195	2	277.15	4974	2064	1.00		172	883
0.312;1.319	-0.442;0.295	1010000010	0.000	0.124	2	342.10	4989	2065	1.00		80	647
-0.199;1.045	-0.741;-0.061	1111101011	0.000	0.161	2	375.93	4986	2073	1.00		182	1127
#	0.187;0.961	0010000010	0.000	0.034	1	270.04	4949	2144	0.50		28	824
-0.692;0.749	-1.137;0.287	1110111011	0.001	0.264	3	362.18	4995	2157	1.00		525	1986
0.461;1.231	-0.203;1.257	0000000010	0.000	0.045	1	276.87	4999	2168	1.00		19	421
#	-1.598;-0.174	1100001001	0.000	0.054	3	376.25	4889	2227	0.50		61	1137
-0.032;0.896	-1.043;-0.174	1100001001	0.000	0.059	1	380.17	4839	2227	1.00		43	733
-0.575;0.787	-1.137;-0.154	1110111011	0.001	0.265	1	380.88	4995	2235	1.00		285	1074
-0.343;0.959	-0.965;0.493	1110101011	0.000	0.139	2	362.64	4997	2240	1.00		283	2042
0.220;0.389	0.187;0.688	0010000010	0.000	0.000	1	273.44	2255	2255	1.00		0	58
#	-1.123;-0.405	1000000000	0.000	0.099	6	349.04	4931	2272	0.50		54	546
-0.167;1.294	0.083;1.349	0010001010	0.000	0.198	1	273.09	4974	2295	1.00		131	663
-0.343;0.959	-0.976;0.328	1110101011	0.000	0.150	1	366.69	4997	2314	1.00		272	1817
0.373;1.182	-0.379;0.735	1010000011	0.000	0.094	2	319.38	4990	2317	1.00		58	614
-0.774;-0.202	#	0000011100	0.000	0.192	1	307.27	4959	2320	0.50		119	621
-1.011;-0.309	-0.300;0.497	0000011100	0.006	0.358	1	309.24	4959	2320	1.00		138	385
0.046;1.191	-0.296;1.120	1010001011	0.000	0.169	2	309.58	4977	2326	1.00		162	956
-0.870;0.433	-1.043;-0.174	1100001001	0.000	0.063	2	378.69	4889	2334	1.00		49	781
0.312;1.319	-0.442;-0.217	1010000010	0.000	0.080	1	376.92	4961	2342	1.00		17	213
-0.655;0.332	-0.418;0.885	1010011011	0.000	0.132	1	346.07	4958	2353	1.00		164	1239
#	-0.132;0.590	1010011011	0.000	0.123	1	305.79	4958	2353	0.50		154	1254
#	-1.045;-0.270	1000001001	0.000	0.015	1	368.80	4930	2363	0.50		13	855
-1.011;-0.309	-0.568;0.792	0000011100	0.002	0.288	2	302.90	4959	2365	1.00		136	472
#	-0.471;0.304	1110111011	0.001	0.250	2	355.32	4995	2397	0.50		429	1719
-0.245;0.624	0.552;1.043	0000001010	0.001	0.236	1	213.46	4919	2400	1.00		33	140
-0.870;0.433	#	1100001001	0.000	0.025	2	352.33	4889	2405	0.50		46	1867
-1.154;-0.660	-0.769;0.477	0000010100	0.000	0.212	1	226.29	4914	2406	1.00		34	160
-0.692;0.749	-0.545;0.777	1110111011	0.001	0.235	1	351.78	4995	2424	1.00		471	2006
#	-0.471;0.287	1110111011	0.001	0.254	2	355.52	4995	2442	0.50		422	1660
#	-1.137;0.304	1110111011	0.001	0.227	1	358.36	4995	2442	0.50		467	2061
0.058;1.144	#	1110001001	0.000	0.010	2	331.62	4876	2457	0.50		13	1339
-0.746;0.181	-0.515;0.090	1010111011	0.000	0.061	1	358.02	4851	2463	1.00		40	654
0.312;1.360	#	1010000010	0.000	0.101	2	318.52	4989	2492	0.50		93	920
0.072;0.645	-0.741;-0.061	1111101011	0.002	0.286	3	384.75	4986	2495	1.00		161	563
0.122;1.424	#	1010000011	0.000	0.054	4	326.23	4990	2506	0.50		65	1194
-0.842;0.046	-0.883;0.402	1000011010	0.000	0.057	1	338.08	4998	2509	1.00		54	951
-1.361;-0.453	-0.227;0.982	0000010000	0.000	0.020	1	265.72	4664	2511	1.00		5	248
0.201;0.820	-1.199;0.123	1110111001	0.000	0.000	1	370.48	2532	2532	1.00		0	666
-0.139;0.808	-0.933;-0.215	1110101001	0.000	0.046	1	380.27	4993	2544	1.00		30	647
-0.746;0.181	-0.567;0.680	1010111011	0.000	0.050	2	334.51	4851	2545	1.00		55	1111
0.297;0.830	#	1110001011	0.000	0.047	1	332.97	4933	2553	0.50		39	823
-0.116;0.737	#	1111001011	0.000	0.062	1	344.09	4988	2558	0.50		89	1425
-0.882;0.401	#	1000000000	0.000	0.017	1	349.54	4931	2566	0.50		28	1676
-0.766;0.576	-0.869;-0.174	1100001001	0.000	0.063	1	378.75	4889	2567	1.00		52	831
-1.541;0.332	#	1010011011	0.000	0.101	1	349.77	4958	2571	0.50		158	1563
-0.270;0.973	#	1111101011	0.000	0.083	1	339.49	4986	2601	0.50		156	1871
0.072;0.645	#	1111101011	0.000	0.168	3	340.60	4986	2627	0.50		154	919
-0.392;0.959	#	1110101011	0.000	0.120	3	339.99	4997	2639	0.50		241	2004
0.312;1.306	-0.542;0.663	1010000010	0.000	0.117	2	334.26	4989	2644	1.00		88	749
0.437;1.319	#	1010000010	0.000	0.139	1	296.39	4989	2644	0.50		88	634
0.611;1.366	#	1011000011	0.000	0.041	1	284.77	4813	2645	0.50		14	345
-0.364;1.030	0.083;2.275	0010001010	0.000	0.190	1	277.15	4974	2655	1.00		132	695
#	-0.878;0.328	1110101011	0.000	0.125	1	358.35	4997	2668	0.50		238	1900
-1.184;0.959	-0.976;0.407	1110101011	0.000	0.119	1	356.31	4997	2668	1.00		238	1999
#	-0.321;0.302	0000011110	0.000	0.007	1	349.58	4992	2671	0.50		8	1217
0.257;1.224	-0.856;0.602	1010000001	0.000	0.002	1	347.71	4262	2675	1.00		2	857
0.312;1.385	-0.442;0.295	1010000010	0.000	0.120	1	342.10	4989	2705	1.00		61	510
#	-0.132;0.888	1010011011	0.000	0.110	1	287.92	4958	2715	0.50		137	1241
-0.660;-0.549	#	0000010100	0.000	0.000	1	288.18	2723	2723	0.50		0	78
#	-0.821;-0.123	1000011011	0.000	0.003	1	374.49	4923	2741	0.50		3	1010
-0.672;0.275	-0.471;0.287	1110111011	0.019	0.452	1	355.11	4995	2744	1.00		369	816
0.029;1.194	#	1010001011	0.000	0.114	2	333.16	4977	2746	0.50		141	1237
-0.032;1.995	#	1111001011	0.000	0.063	2	339.74	4988	2776	0.50		83	1317
-1.045;-0.482	-0.875;-0.063	0000011000	0.014	0.429	1	274.01	4945	2788	1.00		36	84
-0.167;0.287	-0.212;1.349	0010001010	0.000	0.136	1	319.87	4974	2830	1.00		59	435
-0.036;1.286	#	1011001011	0.000	0.045	2	339.75	4932	2839	0.50		59	1299
-0.452;1.144	-0.973;-0.123	1110001001	0.000	0.015	1	375.55	4876	2841	1.00		14	917
0.312;1.306	-0.991;0.663	1010000010	0.000	0.112	2	334.51	4989	2854	1.00		84	747
#	-0.471;-0.032	1110111011	0.002	0.280	1	380.53	4995	2856	0.50		233	833
#	0.464;1.257	0000000010	0.000	0.140	1	226.85	4999	2863	0.50		32	229
0.260;1.247	0.421;0.735	1010000011	0.000	0.037	1	219.68	4113	2887	1.00		3	81
-1.813;0.401	-1.109;-0.410	1000000000	0.000	0.085	1	349.88	4931	2888	1.00		24	283
#	-0.528;0.328	1110101011	0.000	0.141	3	357.83	4997	2898	0.50		216	1531
-0.842;0.046	-0.452;0.077	1000011010	0.000	0.054	1	349.78	4998	2907	1.00		21	391
-0.364;1.030	0.501;1.349	0010001010	0.053	0.556	1	222.57	4974	2911	1.00		99	178
-0.641;1.268	-1.199;0.123	1110111001	0.000	0.010	1	366.01	4429	2921	1.00		13	1300
-0.774;-0.309	-0.296;0.894	0000011100	0.006	0.364	1	304.52	4959	2924	1.00		96	264
#	-0.471;0.569	1110111011	0.000	0.210	1	347.47	4995	2937	0.50		337	1608
-0.091;1.390	-0.800;0.465	1011001011	0.000	0.048	2	362.89	4932	2945	1.00		56	1170
-0.756;0.389	#	1110001001	0.000	0.004	1	349.68	4488	2952	0.50		5	1333
#	-0.933;-0.178	1010000000	0.000	0.002	1	376.21	4713	2971	0.50		2	830
-0.779;0.808	#	1110101001	0.000	0.015	2	336.12	4993	2974	0.50		27	1857
-1.045;-0.139	-0.298;1.567	0000011000	0.000	0.051	1	299.96	4784	2989	1.00		24	470
-1.218;0.124	-0.298;0.986	0000011000	0.000	0.032	2	325.93	4784	2989	1.00		24	759
0.319;1.385	#	1010000010	0.000	0.109	2	318.52	4989	3022	0.50		78	716
0.312;1.306	#	1010000010	0.000	0.108	1	318.52	4989	3039	0.50		77	713
-0.774;-0.202	-0.721;0.601	0000011100	0.001	0.224	1	320.30	4959	3053	1.00		92	411
-1.011;-0.309	-0.737;0.472	0000011100	0.003	0.310	1	314.18	4959	3053	1.00		107	345
-0.629;0.101	#	1010111001	0.000	0.001	1	329.65	3506	3056	0.50		1	851
-0.270;1.045	-0.532;-0.003	1111101011	0.000	0.167	1	381.20	4986	3079	1.00		123	736
-0.199;0.973	-0.741;-0.061	1111101011	0.000	0.164	1	375.93	4986	3079	1.00		123	752
-0.846;0.299	0.334;1.297	0000001010	0.000	0.169	1	246.74	4919	3135	1.00		32	189
-0.870;0.576	-1.043;-0.174	1100001001	0.000	0.057	1	378.75	4889	3175	1.00		36	633
-0.199;0.973	#	1111101011	0.000	0.087	1	339.49	4986	3183	0.50		115	1329
-0.574;0.689	0.171;0.738	1010011010	0.000	0.000	1	290.05	3201	3201	1.00		0	359
#	-0.567;0.680	1010111011	0.000	0.026	1	351.38	4851	3242	0.50		40	1566
-0.746;0.181	-1.051;0.158	1010111011	0.000	0.053	1	355.28	4851	3242	1.00		33	618
-0.993;1.305	#	1000000000	0.000	0.018	2	334.31	4931	3243	0.50		32	1756
-0.096;1.305	-1.354;-0.353	1000000000	0.000	0.076	1	352.55	4931	3243	1.00		24	316
-1.112;1.294	0.083;1.349	0010001010	0.000	0.146	1	272.83	4974	3246	1.00		95	650
#	-0.532;-0.003	1111101011	0.000	0.134	1	379.18	4986	3250	0.50		110	822
-1.045;-0.358	-0.889;0.058	0000011000	0.001	0.219	1	300.63	4945	3251	1.00		30	137
#	-1.067;-0.171	1111001011	0.000	0.078	1	376.25	4988	3254	0.50		56	721
-0.550;1.995	-0.643;-0.060	1111001011	0.000	0.080	1	376.03	4988	3254	1.00		62	775
-1.045;-0.255	-0.159;0.804	0000011000	0.000	0.035	1	295.15	4726	3280	1.00		10	289
-0.692;0.120	#	1110111011	0.009	0.391	2	333.59	4995	3282	0.50		313	801
-0.882;0.401	-1.123;-0.405	1000000000	0.000	0.075	1	349.89	4931	3291	1.00		17	227
#	-1.137;0.287	1110111011	0.001	0.227	1	358.43	4995	3308	0.50		306	1347
-0.692;0.749	-0.686;0.692	1110111011	0.001	0.222	1	355.02	4995	3308	1.00		306	1378
-1.316;-0.309	-0.566;0.416	0000011100	0.005	0.340	1	316.15	4959	3321	1.00		97	285
0.245;1.319	#	1010000010	0.000	0.099	2	328.10	4989	3325	0.50		67	677
#	-0.991;0.663	1010000010	0.000	0.042	2	353.43	4989	3325	0.50		67	1590
-0.763;-0.092	-0.262;0.720	0000011010	0.000	0.067	1	316.20	4924	3339	1.00		24	357
-0.198;1.085	0.349;0.994	1010001010	0.000	0.000	1	246.15	3363	3363	1.00		0	208
-0.575;0.787	-1.137;-0.113	1110111011	0.001	0.271	1	380.90	4995	3370	1.00		185	682
0.072;0.234	-0.741;-0.061	1111101011	0.000	0.000	1	379.33	3372	3372	1.00		0	90
-0.498;1.231	0.464;1.257	0000000010	0.000	0.124	1	230.75	4999	3416	1.00		20	161
0.072;0.645	-0.532;-0.003	1111101011	0.003	0.317	2	389.84	4986	3448	1.00		99	312
-1.021;0.332	-0.418;0.888	1010011011	0.000	0.127	1	343.26	4958	3450	1.00		106	835
-0.763;-0.092	0.124;0.653	0000011010	0.000	0.101	1	297.19	4924	3467	1.00		16	159
0.029;1.194	-0.296;0.270	1010001011	0.000	0.101	1	349.77	4947	3472	1.00		37	367
-0.746;0.181	-1.051;0.798	1010111011	0.000	0.041	2	330.57	4851	3487	1.00		32	779
-0.090;1.134	-0.247;0.433	1110001011	0.000	0.040	1	333.59	4933	3490	1.00		19	476
-1.055;-0.246	-0.849;-0.036	0000011000	0.000	0.202	1	322.29	4945	3515	1.00		26	129
-1.045;-0.482	-0.508;0.058	0000011000	0.002	0.287	1	289.27	4945	3515	1.00		23	80
-0.786;0.655	-0.545;0.279	1110111011	0.003	0.303	1	365.19	4995	3524	1.00		269	889
-0.692;0.749	-1.137;0.777	1110111011	0.000	0.215	1	353.75	4995	3524	1.00		269	1253
#	-0.741;-0.003	1111101011	0.000	0.114	2	375.13	4986	3528	0.50		89	779
#	-0.636;-0.032	1110111011	0.001	0.269	1	375.24	4995	3543	0.50		192	713
-0.257;0.908	-0.528;0.407	1110101011	0.000	0.170	1	365.69	4997	3547	1.00		141	830
-0.779;0.808	-1.214;0.108	1110101001	0.000	0.024	1	371.70	4993	3573	1.00		20	842
-0.343;0.636	#	1110101011	0.000	0.142	1	345.39	4997	3574	0.50		141	992
-0.415;-0.070	-0.145;0.989	1010011011	0.002	0.276	1	313.71	4958	3592	1.00		53	192
0.424;1.569	-0.061;0.713	0000000010	0.000	0.000	1	283.67	3594	3594	1.00		0	155
#	-1.086;-0.085	1010101001	0.000	0.000	1	374.22	3596	3596	0.50		0	685
0.122;1.424	-0.194;0.844	1010000011	0.000	0.071	1	292.76	4990	3609	1.00		26	364
-0.766;0.576	-1.086;-1.043	1100001001	0.000	0.056	1	262.18	3616	3616	1.00		0	0
-0.157;1.194	-0.296;0.339	1010001011	0.000	0.114	1	356.04	4947	3633	1.00		53	466
0.297;0.830	-0.989;-0.063	1110001011	0.000	0.029	1	372.78	4797	3637	1.00		8	274
-0.779;0.445	-0.604;0.132	1110101001	0.000	0.028	1	371.43	4993	3664	1.00		16	572
-0.036;1.286	-0.606;-0.134	1011001011	0.000	0.095	1	379.21	4932	3679	1.00		33	348
-0.786;0.120	-1.137;0.279	1110111011	0.022	0.465	3	347.38	4995	3690	1.00		234	503
-0.692;0.655	-0.545;0.371	1110111011	0.002	0.281	1	363.84	4995	3690	1.00		234	834
-0.116;1.808	#	1111001011	0.000	0.058	1	340.66	4988	3695	0.50		50	857
-1.698;-0.257	#	0000000100	0.000	0.024	1	303.21	4707	3721	0.50		7	295
-0.993;0.401	-1.123;-0.405	1000000000	0.000	0.080	1	349.89	4931	3734	1.00		13	163
-0.746;0.933	-0.515;0.090	1010111011	0.000	0.021	1	370.75	4851	3738	1.00		13	612
-1.045;-0.482	-0.100;0.788	0000011000	0.000	0.069	1	264.86	4726	3740	1.00		8	116
0.437;1.385	-0.035;0.295	1010000010	0.000	0.169	2	297.92	4943	3757	1.00		11	65
0.454;1.401	-0.442;0.663	1010000010	0.000	0.174	1	306.57	4989	3757	1.00		43	247
-0.766;0.556	-1.043;-0.174	1100001001	0.000	0.068	2	378.75	4889	3774	1.00		27	400
-0.154;0.576	-1.175;-0.042	1100001001	0.000	0.062	1	385.10	4889	3774	1.00		23	372
-0.692;0.120	-0.744;0.050	1110111011	0.057	0.563	2	360.56	4995	3786	1.00		174	309
-0.434;1.204	#	1010001011	0.000	0.072	1	337.47	4977	3797	0.50		74	1033
-0.204;0.655	-0.545;0.279	1110111011	0.005	0.343	1	379.75	4995	3811	1.00		177	516
-0.091;1.286	-0.800;0.465	1011001011	0.000	0.061	1	362.89	4932	3818	1.00		40	656
-0.036;2.222	#	1011001011	0.000	0.057	1	339.75	4932	3818	0.50		40	705
-0.032;1.995	-0.470;-0.171	1111001011	0.000	0.164	2	394.26	4988	3834	1.00		35	213
#	-1.598;-0.042	1100001001	0.000	0.044	1	374.26	4889	3848	0.50		26	595
-0.154;0.576	#	1100001001	0.000	0.034	1	364.29	4889	3848	0.50		20	592
-0.877;0.299	0.334;1.297	0000001010	0.000	0.164	1	246.66	4919	3858	1.00		20	122
-0.846;-0.008	0.347;0.838	0000001010	0.000	0.149	1	231.95	4873	3858	1.00		10	67
#	-0.877;0.219	0000011000	0.000	0.023	1	363.07	4945	3868	0.50		19	826
-1.045;-0.139	#	0000011000	0.000	0.070	1	304.26	4945	3883	0.50		25	359
-0.091;1.286	-0.800;0.593	1011001011	0.000	0.060	1	357.94	4932	3885	1.00		39	646
0.275;0.313	-0.471;0.287	1110111011	0.000	0.000	1	340.00	3888	3888	1.00		0	16
0.455;1.769	-1.493;0.207	1010000011	0.000	0.101	1	312.69	4904	3921	1.00		21	207
#	-1.171;0.158	1010111011	0.000	0.021	1	365.63	4851	3953	0.50		15	722
-1.045;-0.482	-1.293;-0.171	0000011000	0.107	0.640	1	278.17	4945	3954	1.00		16	25
-0.154;0.241	-1.175;-0.647	1100001001	0.004	0.333	1	266.89	4889	3963	1.00		3	9
-0.706;0.576	#	1100001001	0.000	0.025	1	355.22	4889	3963	0.50		20	798
-0.029;1.018	-0.247;0.433	1110001011	0.000	0.043	1	333.44	4933	3971	1.00		13	303
-1.011;-0.309	#	0000011100	0.003	0.302	2	302.91	4959	3994	0.50		61	202
0.110;1.413	-1.493;0.207	1010000011	0.000	0.049	1	361.93	4904	4008	1.00		17	348
0.455;1.769	-0.460;0.207	1010000011	0.000	0.123	1	316.36	4904	4008	1.00		17	138
0.430;1.555	0.464;1.257	0000000010	0.000	0.167	1	194.11	4999	4019	1.00		5	30
#	-1.137;-0.227	1110111011	0.001	0.263	1	374.03	4995	4039	0.50		93	353
-0.786;0.655	#	1110111011	0.001	0.222	1	337.51	4995	4039	0.50		181	816
0.072;0.645	-0.741;-0.003	1111101011	0.002	0.282	2	384.69	4986	4041	1.00		62	220
-0.718;0.032	#	1000011011	0.000	0.008	1	321.80	4965	4051	0.50		3	399
-0.075;1.130	#	1111001011	0.000	0.058	1	340.14	4988	4088	0.50		33	570
-0.116;1.995	#	1111001011	0.000	0.055	1	340.66	4988	4088	0.50		33	600
0.166;1.331	-0.379;0.735	1010000011	0.000	0.078	1	326.75	4990	4093	1.00		23	294
#	-0.300;0.497	0000011100	0.000	0.099	1	340.86	4959	4103	0.50		53	534
-0.106;1.335	#	1011001011	0.000	0.054	1	340.04	4932	4127	0.50		30	560
-0.091;2.222	-0.800;0.593	1011001011	0.000	0.059	1	357.94	4932	4127	1.00		30	508
-0.763;-0.423	#	0000011010	0.001	0.222	2	286.12	4964	4131	0.50		18	81
#	-0.566;0.416	0000011100	0.000	0.073	1	355.47	4959	4133	0.50		51	703
-0.036;1.286	-0.800;0.465	1011001011	0.000	0.063	1	362.51	4932	4150	1.00		28	444
-0.422;1.286	#	1011001011	0.000	0.038	1	337.47	4932	4150	0.50		28	735
-1.026;-0.212	#	0000001000	0.000	0.027	1	303.24	4973	4161	0.50		6	219
-0.774;-0.309	-0.401;0.523	0000011100	0.007	0.371	1	317.78	4959	4163	1.00		39	105
-0.048;1.305	#	1000000000	0.000	0.028	1	339.83	4931	4170	0.50		14	504
-1.026;-0.212	0.258;1.335	0000001000	0.000	0.073	1	236.08	4973	4178	1.00		4	55
-0.167;1.030	#	0010001010	0.000	0.070	1	339.59	4974	4193	0.50		40	568
0.531;1.139	0.187;0.961	0010000010	0.000	0.111	1	248.79	4949	4195	1.00		6	54
#	-0.516;0.523	0000011100	0.000	0.072	1	354.62	4959	4196	0.50		47	651
#	-1.111;1.339	1010011011	0.000	0.069	1	334.31	4958	4216	0.50		54	783
-1.545;0.332	#	1010011011	0.000	0.109	2	349.77	4958	4216	0.50		54	495
-0.397;0.985	#	1010001011	0.000	0.076	1	339.99	4977	4217	0.50		51	672
-0.157;1.204	-0.296;1.120	1010001011	0.000	0.142	1	319.94	4977	4217	1.00		50	351
-0.062;0.120	-1.137;0.287	1110111011	0.364	0.817	1	381.93	4995	4221	1.00		76	93
-0.692;0.275	-0.471;0.279	1110111011	0.034	0.507	2	348.47	4995	4221	1.00		138	272
#	-0.571;-0.171	1111001011	0.000	0.089	1	378.60	4988	4232	0.50		24	271
-1.316;-0.309	-0.737;0.472	0000011100	0.003	0.314	1	314.18	4959	4252	1.00		43	137
#	0.501;0.798	0010001010	0.237	0.750	1	229.15	4974	4253	0.50		42	56
#	0.193;1.349	0010001010	0.001	0.225	1	268.11	4974	4253	0.50		47	209
-1.031;0.015	-0.225;1.135	0000011010	0.000	0.048	1	299.88	4924	4267	1.00		11	229
#	-0.545;0.279	1110111011	0.002	0.277	1	360.02	4995	4274	0.50		143	516
-0.763;-0.092	-0.650;-0.064	0000011010	0.000	0.047	1	339.36	4964	4301	1.00		4	86
-0.695;1.294	0.083;1.349	0010001010	0.000	0.184	1	274.41	4974	4354	1.00		40	217
-0.343;0.908	#	1110101011	0.000	0.095	1	341.88	4997	4357	0.50		50	526
#	-0.528;0.407	1110101011	0.000	0.099	2	355.23	4997	4357	0.50		50	506
-0.655;0.125	-0.132;0.888	1010011011	0.001	0.250	1	305.81	4958	4362	1.00		42	168
0.455;1.331	-0.460;0.735	1010000011	0.000	0.145	1	306.45	4990	4364	1.00		19	131
#	-0.379;0.207	1010000011	0.000	0.030	1	357.76	4904	4364	0.50		10	329
-0.746;0.181	-0.935;-0.085	1010111011	0.000	0.024	1	367.48	4826	4441	1.00		3	127
-0.766;0.576	#	1100001001	0.000	0.028	1	355.22	4889	4454	0.50		12	423
#	-0.542;0.663	1010000010	0.000	0.036	1	351.62	4989	4463	0.50		17	473
-0.313;1.401	#	1010000010	0.000	0.040	1	339.78	4989	4463	0.50		17	429
-0.032;1.015	-0.643;-0.417	1111001011	0.000	0.043	1	353.42	4724	4476	1.00		2	47
-0.270;1.045	-0.843;0.177	1111101011	0.000	0.137	1	369.63	4986	4478	1.00		40	291
-0.842;0.046	-0.218;0.821	1000011010	0.000	0.067	1	301.40	4998	4496	1.00		11	163
-0.842;0.046	-0.350;0.953	1000011010	0.000	0.064	1	316.45	4998	4496	1.00		12	188
-0.032;1.995	-0.643;-0.060	1111001011	0.000	0.090	1	378.48	4988	4514	1.00		14	155
-0.128;0.366	#	1110101011	0.000	0.169	1	363.69	4970	4551	0.50		26	154
-0.343;0.636	-0.528;0.328	1110101011	0.000	0.140	1	380.17	4997	4551	1.00		31	221
-0.786;0.120	#	1110111011	0.008	0.385	1	332.66	4995	4558	0.50		84	218
-0.763;-0.092	-0.225;1.135	0000011010	0.000	0.057	1	303.84	4924	4573	1.00		6	106
-0.743;-0.191	#	0000011010	0.000	0.079	1	307.51	4964	4573	0.50		8	101
-0.492;1.306	#	1010000010	0.000	0.037	1	337.53	4989	4578	0.50		14	374
-0.091;1.390	-0.800;0.593	1011001011	0.000	0.049	1	357.94	4932	4584	1.00		12	245
-1.316;-0.026	-0.300;0.601	0000011100	0.000	0.189	1	317.73	4959	4598	1.00		25	132
-0.774;-0.309	-0.721;0.229	0000011100	0.011	0.409	1	327.44	4959	4598	1.00		18	44
0.072;0.645	-0.741;-0.539	1111101011	0.000	0.000	1	308.57	4610	4610	1.00		0	7
-0.364;1.030	#	0010001010	0.000	0.076	1	339.99	4974	4681	0.50		21	275
-0.504;0.365	0.193;1.349	0010001010	0.001	0.270	1	281.15	4974	4681	1.00		17	63
-0.763;-0.423	-0.225;1.135	0000011010	0.000	0.217	1	279.88	4924	4690	1.00		5	23
-1.569;0.445	-1.285;0.132	1110101001	0.000	0.036	1	370.98	4993	4703	1.00		5	137
-0.096;1.904	-1.123;-0.405	1000000000	0.000	0.128	1	349.92	4931	4706	1.00		5	39
#	-0.154;1.120	1010001011	0.000	0.106	1	288.06	4977	4722	0.50		17	160
-0.157;1.191	-0.296;0.650	1010001011	0.000	0.139	1	338.34	4977	4722	1.00		17	122
-0.692;0.120	-0.471;-0.032	1110111011	0.206	0.729	1	381.24	4995	4725	1.00		35	48
0.029;1.204	-0.296;1.120	1010001011	0.000	0.192	1	310.11	4977	4790	1.00		14	73
-0.029;0.741	#	1111101011	0.000	0.208	1	343.51	4986	4812	0.50		20	96
-0.128;0.908	#	1110101011	0.000	0.058	1	342.63	4997	4816	0.50		7	120
-0.602;0.267	-0.044;0.466	1010011011	0.007	0.366	1	323.83	4958	4831	1.00		15	41
-0.415;0.332	-0.145;0.989	1010011011	0.003	0.306	1	310.24	4958	4831	1.00		15	49
-0.843;0.282	#	1010111011	0.000	0.011	1	333.61	4851	4851	0.50		1	92
#	-0.539;0.424	1010011011	0.000	0.102	1	355.26	4958	4890	0.50		9	88
-0.033;0.072	-0.741;-0.003	1111101011	0.000	0.000	1	380.71	4899	4899	1.00		0	7
-0.655;0.332	0.435;0.989	1010011011	0.000	0.000	1	241.33	4912	4912	1.00		0	9
-0.270;0.645	#	1111101011	0.000	0.136	1	345.00	4986	4926	0.50		6	44
-0.096;0.724	#	1000000000	0.000	0.000	1	344.22	4931	4931	0.50		0	40
-1.813;1.305	-1.109;-0.405	1000000000	0.000	0.000	1	358.78	4931	4931	1.00		0	13
-0.091;1.286	-0.754;0.096	1011001011	0.000	0.033	1	372.12	4932	4932	1.00		1	30
#	-0.800;0.465	1011001011	0.000	0.018	1	356.25	4932	4932	0.50		1	57
-1.026;-0.212	0.024;0.912	0000001000	0.002	0.286	1	277.57	4973	4935	1.00		2	7
#	0.000;0.983	0010000010	0.000	0.000	1	286.24	4949	4949	0.50		0	27
-1.316;-0.472	-0.300;0.229	0000011100	1.000	1.000	1	310.75	4959	4959	1.00		4	4
-0.013;0.915	#	1110101001	0.000	0.100	1	335.77	4993	4968	0.50		2	20
-0.199;1.045	-0.741;-0.003	1111101011	0.000	0.000	1	374.67	4986	4986	1.00		0	9
-0.248;0.897	-0.741;-0.061	1111101011	0.000	0.000	1	385.00	4986	4986	1.00		0	8
-0.032;2.154	-0.643;-0.171	1111001011	0.000	0.000	1	390.00	4988	4988	1.00		0	5
