att1	att2	Phenotype	Fitness	Accuracy	Numerosity	AveMatchSetSize	TimeStampGA	InitTimeStamp	Specificity	DeletionProb	CorrectCount	MatchCount
-0.800;-0.476	0.725;1.197	00001000	0.132	0.667	2	20.40	399793	115999	1.00		1625	2438
-0.189;0.286	-0.367;-0.199	11000100	0.159	0.692	1	30.59	399876	133839	1.00		3425	4949
-0.467;0.286	-0.367;-0.199	11000100	0.067	0.583	3	22.69	399876	162068	1.00		4763	8167
-1.429;-0.410	-0.171;0.084	01001001	0.132	0.667	7	31.51	399947	219550	1.00		3097	4645
-0.298;0.323	0.696;2.739	11001000	0.116	0.650	2	31.20	399965	248735	1.00		2812	4327
-0.540;-0.328	0.087;0.507	01101011	1.000	1.000	4	38.13	399980	249448	1.00		14005	14005
-0.959;-0.730	-0.790;-0.110	01000000	0.132	0.667	3	25.77	399948	256653	1.00		410	615
0.263;0.323	#	11001000	0.085	0.611	4	34.15	399970	264413	0.50		2133	3490
0.477;4.072	#	10000000	1.000	1.000	2	39.79	399990	275592	0.50		9966	9966
#	-0.105;0.062	11101101	0.089	0.616	7	40.84	399973	278636	0.50		10596	17191
-0.371;0.054	-0.717;-0.466	00010100	0.367	0.818	1	27.80	399977	281646	1.00		3048	3725
0.305;0.473	#	11000000	1.000	1.000	7	46.10	399987	286969	0.50		4690	4690
-0.253;0.222	0.076;0.655	11101001	0.148	0.683	1	43.79	399984	304294	1.00		13555	19852
-0.305;-0.116	0.068;0.509	11101011	1.000	1.000	3	35.63	399978	305528	1.00		8242	8242
-0.200;-0.115	0.053;0.083	11101001	0.238	0.750	5	30.35	399925	307539	1.00		397	529
#	-5.490;-0.490	00010000	0.106	0.638	2	34.93	399993	311309	0.50		4692	7356
-0.672;-0.572	0.080;0.486	01001001	1.000	1.000	2	31.83	399940	315776	1.00		1084	1084
-0.305;-0.116	0.068;0.468	11101011	1.000	1.000	2	36.19	399978	319337	1.00		6344	6344
-0.556;-0.328	0.176;0.507	01101011	1.000	1.000	4	38.71	399980	324610	1.00		6368	6368
-2.225;-0.707	-0.250;0.825	01001000	0.647	0.917	2	36.04	399983	329728	1.00		2210	2411
0.477;4.072	-0.756;1.146	10000000	1.000	1.000	1	39.79	399990	334769	1.00		5225	5225
-0.556;-0.328	0.120;0.507	01101011	1.000	1.000	1	38.29	399980	336070	1.00		5856	5856
#	-6.669;-0.638	00010000	1.000	1.000	2	45.36	399993	339308	0.50		2777	2777
-0.189;0.242	-0.449;-0.333	11000100	0.237	0.750	2	26.10	399854	339917	1.00		772	1030
-0.229;0.242	-0.449;-0.199	11000100	0.109	0.642	1	25.58	399876	341164	1.00		1512	2354
0.305;0.473	-1.703;3.379	11000000	1.000	1.000	3	46.10	399987	341870	1.00		2410	2410
-0.091;0.006	0.076;0.523	11101001	1.000	1.000	1	50.29	399890	344035	1.00		2081	2081
#	0.868;2.547	00001000	1.000	1.000	1	39.09	399974	344689	0.50		713	713
#	0.868;2.534	00001000	1.000	1.000	5	39.09	399974	344821	0.50		710	710
-2.225;-0.707	#	01001000	0.212	0.733	2	31.71	399983	345046	0.50		1727	2356
-0.672;-0.572	-0.171;0.791	01001001	0.763	0.947	1	27.93	399947	347522	1.00		1350	1425
-0.576;0.099	0.868;2.534	00001000	1.000	1.000	1	38.27	399902	353414	1.00		466	466
-0.556;-0.328	0.087;0.507	01101011	0.861	0.971	2	37.73	399980	353963	1.00		4351	4483
-0.230;0.286	-0.427;-0.199	11000100	0.131	0.666	3	28.05	399876	355118	1.00		1026	1541
0.305;0.473	-0.869;1.794	11000000	1.000	1.000	2	46.10	399987	357507	1.00		1766	1766
-0.556;-0.328	0.134;0.507	01101011	1.000	1.000	3	38.32	399980	358040	1.00		3661	3661
-0.254;-0.086	-0.105;0.062	11101101	1.000	1.000	1	42.51	399973	358125	1.00		1616	1616
-0.347;0.101	-0.717;-0.466	00010100	0.369	0.819	2	27.80	399977	359018	1.00		1055	1288
-2.225;-0.707	-0.259;0.825	01001000	0.648	0.917	1	36.04	399983	359414	1.00		1278	1394
-0.305;-0.116	-0.016;0.626	11101011	0.229	0.745	1	35.29	399978	359784	1.00		3508	4711
0.263;0.323	-0.108;2.029	11001000	0.153	0.687	2	36.44	399970	360826	1.00		616	897
-0.672;-0.572	0.080;0.713	01001001	1.000	1.000	3	29.96	399940	361250	1.00		666	666
0.263;0.323	-0.108;2.541	11001000	0.153	0.687	2	36.44	399970	361574	1.00		604	879
-0.305;-0.116	0.068;0.490	11101011	1.000	1.000	3	35.74	399978	361847	1.00		3165	3165
0.305;0.473	-1.043;1.794	11000000	1.000	1.000	1	46.10	399987	362280	1.00		1565	1565
-0.189;0.286	-0.427;-0.354	11000100	0.239	0.751	1	31.38	399854	364079	1.00		308	410
-0.556;-0.328	0.120;0.830	01101011	0.257	0.762	1	33.44	399980	364714	1.00		3236	4247
-0.189;0.286	-0.427;-0.199	11000100	0.167	0.699	4	30.66	399876	365154	1.00		695	994
0.263;0.323	-0.108;2.591	11001000	0.153	0.687	1	36.44	399970	365768	1.00		538	783
0.305;0.473	-1.703;0.336	11000000	1.000	1.000	1	45.59	399931	365895	1.00		1026	1026
-0.347;0.054	-0.717;-0.466	00010100	0.366	0.818	3	27.80	399977	366627	1.00		859	1050
0.477;1.824	-0.420;1.410	10000000	1.000	1.000	2	40.02	399964	366762	1.00		2522	2522
-0.622;0.729	0.868;2.534	00001000	1.000	1.000	2	39.09	399974	367314	1.00		420	420
-2.731;-0.707	-0.259;0.825	01001000	0.646	0.916	3	36.04	399983	367917	1.00		1009	1101
-0.121;0.372	1.094;1.104	11001001	0.000	0.105	1	31.89	369532	369532	1.00		0	0
-0.115;0.185	-0.144;0.905	11101001	0.115	0.649	1	44.40	399984	369927	1.00		4131	6367
0.061;0.185	0.076;0.523	11101001	1.000	1.000	1	48.57	399960	370378	1.00		1146	1146
0.305;0.473	-0.979;0.211	11000000	1.000	1.000	1	44.99	399931	370573	1.00		630	630
-0.115;0.185	0.065;0.523	11101001	1.000	1.000	3	49.35	399960	370597	1.00		3198	3198
-0.145;0.054	-0.717;-0.466	00010100	0.187	0.715	1	29.58	399977	371918	1.00		201	281
-1.094;0.054	-0.717;-0.466	00010100	0.110	0.643	1	28.70	399977	372017	1.00		720	1120
-0.973;0.360	0.544;0.655	11101001	0.086	0.612	4	34.76	399984	372220	1.00		1070	1747
-0.322;-0.116	0.068;1.233	11101011	0.230	0.745	2	32.80	399978	372400	1.00		2644	3548
-2.225;-0.707	-0.411;1.549	01001000	0.300	0.786	1	32.16	399983	372722	1.00		859	1093
0.305;0.473	-0.869;0.684	11000000	1.000	1.000	2	46.49	399987	372805	1.00		1051	1051
0.305;0.636	-1.795;0.684	11000000	0.159	0.692	1	43.90	399987	373464	1.00		1025	1481
-0.677;0.189	0.868;2.547	00001000	1.000	1.000	2	39.09	399974	373568	1.00		340	340
-0.672;-0.572	0.269;0.486	01001001	1.000	1.000	1	33.12	399940	374053	1.00		186	186
0.289;0.964	#	10000000	0.075	0.595	1	40.27	399990	374088	0.50		1854	3114
-2.731;-0.707	-0.250;0.825	01001000	0.646	0.916	1	36.04	399983	374208	1.00		811	885
#	-5.490;-0.525	00010000	0.178	0.708	1	37.46	399993	374918	0.50		1218	1721
-0.672;-0.572	-0.171;1.513	01001001	0.593	0.901	2	28.05	399947	375038	1.00		645	716
-1.078;0.162	-0.105;0.062	11101101	0.197	0.722	1	41.58	399973	375188	1.00		2025	2803
-1.111;0.285	0.826;2.534	00001000	1.000	1.000	1	34.02	399974	375577	1.00		419	419
-0.167;0.142	0.696;2.591	11001000	0.236	0.749	2	28.69	399965	375746	1.00		311	415
-0.540;-0.328	-0.424;0.507	01101011	0.175	0.706	2	31.77	399980	376005	1.00		2302	3262
-1.111;0.285	0.826;2.547	00001000	1.000	1.000	1	34.02	399974	376481	1.00		404	404
0.386;1.263	#	10000000	0.305	0.789	1	40.04	399990	377084	0.50		1837	2329
0.477;1.824	-1.634;1.865	10000000	1.000	1.000	1	39.79	399990	378170	1.00		1750	1750
-0.116;0.185	0.076;0.523	11101001	1.000	1.000	1	49.71	399960	378205	1.00		2277	2277
0.305;0.306	-1.043;2.557	11000000	0.100	1.000	1	39.93	378828	378828	1.00		0	0
0.698;2.610	-0.756;1.410	10000000	1.000	1.000	1	42.09	399990	378869	1.00		1211	1211
-0.115;0.185	0.065;0.629	11101001	1.000	1.000	6	49.05	399984	379440	1.00		2679	2679
-0.556;-0.328	-0.188;0.926	01101011	0.099	0.629	1	31.26	399980	379555	1.00		1988	3160
-0.230;0.286	-0.449;-0.199	11000100	0.091	0.619	1	25.66	399876	379583	1.00		524	847
-0.371;0.578	0.696;1.982	11001000	0.070	0.588	1	31.74	399965	379838	1.00		373	634
-0.834;-0.231	-5.490;-0.978	00010000	0.047	0.861	1	36.26	380157	380157	1.00		0	0
-2.225;-0.707	0.670;0.825	01001000	0.465	0.858	1	29.65	399815	380274	1.00		169	197
-0.167;0.323	0.696;2.921	11001000	0.326	0.799	1	29.21	399965	380291	1.00		338	423
-0.022;0.286	-0.449;-0.199	11000100	0.464	0.858	1	30.46	399876	380532	1.00		331	386
0.698;1.824	-1.634;1.410	10000000	1.000	1.000	1	42.09	399990	380692	1.00		1102	1102
-0.305;-0.116	-0.016;0.705	11101011	0.181	0.710	3	35.08	399978	380893	1.00		1661	2339
-0.091;0.185	0.065;0.655	11101001	1.000	1.000	2	49.01	399984	381246	1.00		2387	2387
-0.514;-0.086	-0.158;0.062	11101101	0.075	0.596	1	31.74	399973	381799	1.00		806	1352
-0.165;0.286	-0.427;-0.199	11000100	0.195	0.721	2	31.13	399876	381930	1.00		334	463
-0.115;0.185	0.020;0.605	11101001	0.602	0.903	1	49.39	399960	382067	1.00		2181	2414
0.477;1.824	#	10000000	1.000	1.000	2	39.79	399990	382280	0.50		1419	1419
-0.672;-0.572	-0.029;0.713	01001001	1.000	1.000	2	29.74	399940	382465	1.00		376	376
-0.115;0.185	0.076;0.655	11101001	1.000	1.000	1	49.19	399984	382509	1.00		2328	2328
0.477;4.878	-1.454;1.146	10000000	1.000	1.000	1	39.79	399990	382904	1.00		1370	1370
0.698;1.246	-1.466;1.410	10000000	1.000	1.000	1	42.09	399990	383488	1.00		942	942
0.263;0.323	-0.709;1.799	11001000	0.085	0.610	1	34.15	399970	383638	1.00		257	421
-0.408;1.166	-6.836;-0.638	00010000	1.000	1.000	2	45.74	399993	383720	1.00		441	441
0.318;0.473	-0.869;1.163	11000000	1.000	1.000	1	45.39	399987	384069	1.00		596	596
-0.305;-0.116	0.068;0.776	11101011	0.383	0.825	1	34.79	399978	384283	1.00		1370	1660
0.477;1.246	-1.466;1.865	10000000	1.000	1.000	1	39.79	399990	384586	1.00		1235	1235
-0.115;0.185	0.065;0.655	11101001	1.000	1.000	6	48.98	399984	384863	1.00		2078	2078
#	-7.591;-0.638	00010000	1.000	1.000	5	45.36	399993	384951	0.50		690	690
-2.320;-0.707	-0.259;0.825	01001000	0.646	0.916	2	36.04	399983	385326	1.00		460	502
-2.731;-0.707	-0.231;0.825	01001000	0.641	0.915	1	36.04	399983	385588	1.00		451	493
-0.804;-0.348	-4.323;-0.638	00010000	1.000	1.000	1	44.78	399923	385901	1.00		323	323
-0.189;0.286	-0.449;-0.199	11000100	0.131	0.666	2	27.83	399876	386051	1.00		317	476
-0.320;0.153	-0.105;0.062	11101101	0.916	0.983	3	43.45	399973	386160	1.00		1129	1149
-0.320;0.153	-0.116;0.062	11101101	0.838	0.965	3	42.22	399973	386343	1.00		1114	1154
-0.493;0.310	-0.105;0.062	11101101	0.216	0.736	1	40.22	399973	386397	1.00		1188	1614
-0.968;-0.238	-6.633;-0.638	00010000	1.000	1.000	3	45.43	399993	386479	1.00		388	388
-0.371;0.494	-0.717;-0.466	00010100	0.109	0.641	1	22.53	399977	386539	1.00		347	541
-2.320;-0.707	-0.259;0.239	01001000	0.557	0.890	1	42.80	399956	386565	1.00		153	172
-1.279;0.229	-6.243;-0.638	00010000	1.000	1.000	2	45.36	399993	386642	1.00		610	610
-0.371;0.054	-0.717;-0.455	00010100	0.236	0.749	1	25.71	399977	386739	1.00		341	455
-0.124;0.242	-0.449;-0.199	11000100	0.304	0.788	1	29.39	399876	386742	1.00		283	359
-1.360;-0.410	-0.171;0.084	01001001	0.136	0.671	2	31.51	399947	386993	1.00		224	334
0.698;1.586	-1.634;1.410	10000000	1.000	1.000	1	42.09	399990	387033	1.00		741	741
-0.672;-0.572	0.000;0.713	01001001	1.000	1.000	1	29.74	399940	387113	1.00		278	278
-0.347;0.097	-0.717;-0.466	00010100	0.364	0.817	1	27.80	399977	387321	1.00		326	399
0.477;3.886	-0.420;0.920	10000000	1.000	1.000	1	40.02	399964	387331	1.00		962	962
-1.134;-0.730	-0.790;-0.110	01000000	0.132	0.667	1	25.77	399948	387366	1.00		36	54
0.698;4.072	-1.634;1.146	10000000	1.000	1.000	1	42.09	399990	387432	1.00		718	718
0.305;0.473	-0.878;0.424	11000000	1.000	1.000	1	45.49	399931	387444	1.00		431	431
0.305;0.473	-1.703;3.766	11000000	1.000	1.000	1	46.10	399987	387444	1.00		521	521
#	-6.791;-0.638	00010000	1.000	1.000	3	45.36	399993	387609	0.50		568	568
0.263;0.323	-0.954;1.675	11001000	0.085	0.611	2	34.15	399970	387694	1.00		192	314
0.470;0.473	-1.043;1.794	11000000	0.100	1.000	1	37.40	387915	387915	1.00		0	0
-0.316;0.286	-0.427;-0.199	11000100	0.119	0.653	2	24.59	399876	387993	1.00		324	496
-0.915;0.229	-4.818;-0.638	00010000	1.000	1.000	1	45.36	399993	388129	1.00		542	542
-0.298;0.323	1.439;1.982	11001000	0.033	0.799	1	27.99	388166	388166	1.00		0	0
-0.320;0.794	-0.105;0.062	11101101	0.355	0.813	1	41.92	399973	388257	1.00		1025	1261
-1.761;-0.328	0.472;0.507	01101011	0.127	0.662	1	36.31	399922	388305	1.00		100	151
-0.091;0.185	0.071;0.629	11101001	1.000	1.000	1	49.20	399984	388358	1.00		1384	1384
-0.556;-0.328	-0.800;0.507	01101011	0.092	0.620	1	32.13	399980	388519	1.00		1120	1806
-0.672;-0.572	-0.275;1.104	01001001	0.370	0.820	1	26.73	399947	389254	1.00		277	338
0.305;0.473	-1.144;3.766	11000000	1.000	1.000	1	46.10	399987	389313	1.00		443	443
-1.545;-0.707	-0.259;0.825	01001000	0.650	0.917	1	36.04	399983	389361	1.00		333	363
-0.320;0.413	-0.105;0.062	11101101	0.440	0.848	1	41.87	399973	389423	1.00		924	1089
-0.556;-0.328	0.120;1.158	01101011	0.229	0.744	1	33.40	399980	389468	1.00		964	1295
0.477;1.582	-0.756;2.422	10000000	1.000	1.000	1	39.79	399990	389635	1.00		835	835
0.263;0.323	-0.542;2.591	11001000	0.084	0.610	1	34.15	399970	389639	1.00		161	264
-0.026;0.185	-0.031;1.177	11101001	0.291	0.781	1	46.38	399960	389693	1.00		1058	1354
-1.098;0.034	-5.490;-0.490	00010000	0.166	0.698	1	39.17	399993	389881	1.00		534	765
-0.556;-0.313	0.176;0.507	01101011	0.853	0.969	1	38.52	399980	389917	1.00		869	897
-0.295;0.125	-0.105;0.062	11101101	0.907	0.981	2	44.47	399973	389955	1.00		762	777
-1.895;1.166	-4.323;-0.638	00010000	1.000	1.000	2	45.36	399993	390019	1.00		456	456
-0.305;-0.116	0.012;0.484	11101011	0.446	0.851	1	35.13	399978	390107	1.00		805	946
-0.305;-0.103	0.068;0.509	11101011	0.852	0.969	3	35.80	399978	390107	1.00		861	889
-0.305;-0.116	0.054;0.509	11101011	0.675	0.924	2	34.78	399978	390192	1.00		855	925
-0.176;0.426	0.065;0.794	11101001	0.110	0.643	1	42.92	399984	390326	1.00		1367	2127
-1.111;0.285	0.826;2.534	00001000	1.000	1.000	2	34.02	399974	390344	1.00		166	166
0.305;0.473	-0.080;1.279	11000000	1.000	1.000	1	47.21	399987	390900	1.00		273	273
0.477;4.072	-0.369;0.802	10000000	1.000	1.000	1	40.11	399964	391033	1.00		632	632
-0.843;1.166	-1.234;-0.498	00010000	0.114	0.648	1	35.34	399993	391493	1.00		449	693
0.477;1.246	0.326;0.968	10000000	1.000	1.000	1	39.66	399964	391626	1.00		287	287
0.305;0.473	-1.703;1.163	11000000	1.000	1.000	2	46.10	399987	391638	1.00		347	347
#	0.868;2.534	00001000	1.000	1.000	1	39.09	399974	391654	0.50		107	107
-1.111;0.189	0.826;2.547	00001000	1.000	1.000	1	34.02	399974	391654	1.00		143	143
-2.731;-0.707	-0.250;0.338	01001000	0.588	0.899	1	42.16	399956	391683	1.00		107	119
-0.115;0.185	0.076;1.111	11101001	0.496	0.869	1	45.11	399984	391790	1.00		1089	1253
0.305;0.473	-0.869;3.449	11000000	1.000	1.000	1	46.10	399987	391925	1.00		334	334
-0.115;0.222	0.330;0.655	11101001	0.796	0.955	2	44.00	399984	392000	1.00		515	539
-2.320;-0.707	-0.259;0.420	01001000	0.658	0.920	1	41.18	399956	392005	1.00		126	137
-0.672;-0.659	0.000;0.713	01001001	1.000	1.000	1	28.50	399737	392169	1.00		34	34
-0.298;0.323	0.696;2.591	11001000	0.115	0.648	1	31.20	399965	392313	1.00		142	219
-0.289;0.153	-0.105;0.062	11101101	0.912	0.982	1	44.10	399973	392451	1.00		595	606
#	-6.243;-0.704	00010000	1.000	1.000	1	44.78	399993	392502	0.50		322	322
-0.672;-0.572	0.052;0.883	01001001	0.707	0.933	1	28.60	399940	392513	1.00		153	164
-1.915;0.285	0.868;2.534	00001000	1.000	1.000	1	39.09	399974	392558	1.00		95	95
0.477;1.824	-1.634;1.555	10000000	1.000	1.000	1	39.79	399990	392575	1.00		593	593
-0.672;-0.554	0.080;0.486	01001001	0.264	0.766	1	24.98	399940	392666	1.00		105	137
-0.115;0.185	-0.118;0.506	11101001	0.131	0.666	1	47.27	399960	392859	1.00		757	1136
0.305;0.473	-1.703;4.312	11000000	1.000	1.000	1	46.10	399987	392897	1.00		293	293
-0.320;0.342	-0.105;0.062	11101101	0.471	0.860	4	41.56	399973	392942	1.00		616	716
#	1.435;2.547	00001000	0.100	1.000	1	33.59	392984	392984	0.50		0	0
-2.225;-0.707	0.175;1.308	01001000	0.278	0.774	1	31.19	399983	393109	1.00		137	177
-2.320;-0.707	-0.259;0.774	01001000	0.786	0.953	3	37.94	399983	393230	1.00		203	213
-2.225;-0.707	0.175;0.825	01001000	0.499	0.870	1	33.44	399983	393277	1.00		134	154
-0.320;1.245	-0.105;0.062	11101101	0.293	0.782	1	42.27	399973	393387	1.00		578	739
-0.347;0.198	-0.717;-0.466	00010100	0.372	0.820	3	27.80	399977	393434	1.00		169	206
-0.371;0.101	-0.717;-0.466	00010100	0.370	0.820	1	27.80	399977	393486	1.00		168	205
#	-6.949;-0.638	00010000	1.000	1.000	1	45.36	399993	393506	0.50		297	297
-0.672;-0.554	0.080;1.122	01001001	0.121	0.656	2	23.75	399940	393553	1.00		122	186
-2.731;-1.616	-0.250;0.825	01001000	0.064	0.916	1	34.71	393555	393555	1.00		0	0
-2.731;-0.707	-0.259;0.774	01001000	0.794	0.955	4	37.94	399983	393665	1.00		191	200
-0.514;0.413	-0.105;0.062	11101101	0.201	0.726	1	40.49	399973	393716	1.00		548	755
0.263;0.323	-0.954;1.753	11001000	0.086	0.613	1	34.15	399970	393728	1.00		98	160
-0.038;0.323	0.696;2.541	11001000	0.280	0.775	1	31.16	399863	393728	1.00		62	80
0.477;4.072	0.064;0.933	10000000	1.000	1.000	1	39.90	399964	393816	1.00		286	286
0.477;1.246	-0.604;-0.132	10000000	1.000	1.000	1	41.05	399990	393858	1.00		139	139
-0.973;0.396	0.544;0.655	11101001	0.083	0.608	1	34.76	399984	393933	1.00		231	380
0.046;0.502	-6.633;-0.638	00010000	0.100	1.000	1	45.90	394116	394116	1.00		0	0
0.305;0.473	-1.703;3.867	11000000	1.000	1.000	1	46.10	399987	394124	1.00		243	243
0.477;5.128	-1.634;2.762	10000000	1.000	1.000	1	39.79	399990	394163	1.00		467	467
0.980;1.824	#	10000000	1.000	1.000	1	52.16	399472	394264	0.50		17	17
-0.221;0.222	0.076;0.655	11101001	0.182	0.711	2	44.16	399984	394343	1.00		778	1094
-1.196;0.153	-0.116;0.062	11101101	0.173	0.704	1	40.36	399973	394381	1.00		457	649
-0.115;0.185	-0.021;0.629	11101001	0.468	0.859	1	48.96	399984	394392	1.00		731	851
-0.305;-0.116	0.028;1.416	11101011	0.179	0.709	1	34.80	399978	394421	1.00		487	687
0.263;0.323	0.696;2.591	11001000	1.000	1.000	2	34.07	399752	394427	1.00		15	15
-0.672;-0.572	-0.029;0.883	01001001	0.722	0.937	2	28.98	399940	394610	1.00		119	127
-0.311;-0.305	0.068;0.468	11101011	1.000	1.000	1	8.50	399896	394768	1.00		30	30
0.305;0.473	-1.703;1.794	11000000	1.000	1.000	1	46.10	399987	394823	1.00		214	214
0.326;0.473	-0.966;3.379	11000000	1.000	1.000	1	43.78	399931	394823	1.00		184	184
-0.934;0.101	-0.717;-0.466	00010100	0.112	0.646	1	28.70	399977	394832	1.00		133	206
-1.312;-0.328	0.087;0.507	01101011	0.167	0.699	1	34.77	399980	394840	1.00		492	704
0.477;3.886	-1.634;0.920	10000000	1.000	1.000	1	39.79	399990	394874	1.00		410	410
-0.115;0.185	0.020;0.655	11101001	0.636	0.913	2	49.05	399984	394914	1.00		696	762
-0.672;-0.554	0.070;0.080	01001001	0.027	0.767	1	26.53	394951	394951	1.00		0	0
-0.295;-0.015	-0.105;0.062	11101101	0.873	0.973	1	42.97	399973	395015	1.00		255	262
#	-6.669;-1.148	00010000	0.100	1.000	1	47.34	395030	395030	0.50		0	0
-0.305;-0.116	0.012;0.910	11101011	0.161	0.694	1	34.54	399978	395085	1.00		428	617
-0.167;0.323	0.696;1.966	11001000	0.324	0.798	1	29.21	399965	395109	1.00		83	104
-0.298;0.142	0.696;3.213	11001000	0.068	0.585	1	30.98	399965	395109	1.00		69	118
-1.613;-0.707	-0.259;0.825	01001000	0.642	0.915	1	36.04	399983	395178	1.00		151	165
-0.091;0.185	0.076;1.177	11101001	0.468	0.859	1	45.12	399984	395194	1.00		592	689
-0.038;0.142	0.696;2.591	11001000	0.132	0.667	1	31.13	399863	395318	1.00		26	39
-0.677;0.384	0.868;2.794	00001000	1.000	1.000	1	39.10	399974	395354	1.00		59	59
0.477;1.824	-0.420;0.461	10000000	1.000	1.000	1	41.61	399951	395444	1.00		221	221
-1.613;-0.707	#	01001000	0.202	0.726	1	31.71	399983	395551	0.50		138	190
-2.320;-0.707	-0.259;0.285	01001000	0.601	0.903	1	42.16	399956	395551	1.00		56	62
0.477;1.824	0.064;1.410	10000000	1.000	1.000	1	39.90	399964	395573	1.00		201	201
0.477;4.072	-0.762;0.428	10000000	1.000	1.000	1	41.01	399990	395592	1.00		219	219
-1.279;0.502	-4.405;-0.638	00010000	1.000	1.000	1	45.36	399993	395603	1.00		201	201
0.698;5.128	-0.756;0.920	10000000	1.000	1.000	1	42.09	399990	395662	1.00		249	249
0.477;3.193	#	10000000	1.000	1.000	2	39.79	399990	395662	0.50		348	348
-0.303;0.263	0.065;0.655	11101001	0.090	0.618	1	43.00	399984	395761	1.00		638	1032
-0.124;0.286	-0.427;-0.199	11000100	0.271	0.770	1	31.39	399876	395829	1.00		77	100
#	-6.021;-0.638	00010000	1.000	1.000	1	45.36	399993	396180	0.50		174	174
-0.556;-0.328	0.087;0.487	01101011	0.849	0.968	1	37.67	399980	396297	1.00		331	342
-0.556;-0.328	0.507;0.513	01101011	0.000	0.000	1	12.17	396317	396317	1.00		0	6
#	-4.405;-0.638	00010000	1.000	1.000	1	45.36	399993	396360	0.50		167	167
0.698;2.610	-0.756;1.861	10000000	1.000	1.000	1	42.09	399990	396519	1.00		198	198
-2.731;-0.707	-0.368;0.774	01001000	0.523	0.878	1	35.74	399983	396604	1.00		101	115
-1.429;-0.937	-0.171;0.084	01001001	0.013	0.667	1	26.79	396694	396694	1.00		0	0
-0.935;0.285	0.868;2.534	00001000	1.000	1.000	1	39.08	399974	396752	1.00		41	41
-0.672;-0.572	-0.029;0.848	01001001	0.712	0.934	2	28.98	399940	396780	1.00		71	76
-0.514;0.125	-0.105;0.062	11101101	0.369	0.819	1	41.80	399973	396792	1.00		254	310
-2.320;-0.803	-0.259;0.774	01001000	0.186	0.714	1	38.10	399846	396898	1.00		10	14
0.477;3.193	-1.634;0.920	10000000	1.000	1.000	1	39.79	399990	396921	1.00		245	245
-1.279;0.502	-6.836;-0.638	00010000	1.000	1.000	1	45.36	399993	396964	1.00		140	140
0.305;0.473	-1.703;3.786	11000000	1.000	1.000	1	46.10	399987	397027	1.00		121	121
-1.312;-0.313	0.087;0.507	01101011	0.150	0.684	2	34.75	399980	397101	1.00		277	405
0.477;4.072	-0.420;0.920	10000000	1.000	1.000	1	40.02	399964	397117	1.00		220	220
0.477;5.128	-0.608;0.393	10000000	1.000	1.000	1	41.05	399990	397155	1.00		138	138
-0.305;-0.116	0.054;0.468	11101011	0.688	0.928	1	35.21	399978	397356	1.00		206	222
0.477;1.824	-1.634;1.508	10000000	1.000	1.000	1	39.79	399990	397375	1.00		209	209
0.305;0.473	-0.966;3.379	11000000	1.000	1.000	1	46.10	399987	397381	1.00		110	110
0.249;0.473	#	11000000	0.109	0.642	1	32.92	399987	397381	0.50		113	176
-0.556;-0.328	-0.338;0.507	01101011	0.215	0.735	1	34.36	399980	397392	1.00		258	351
-0.672;-0.572	#	01001001	0.058	0.566	1	26.53	399947	397406	0.50		69	122
-0.672;-0.572	0.080;0.791	01001001	0.665	0.922	1	28.94	399940	397406	1.00		47	51
-1.659;0.285	0.868;2.534	00001000	1.000	1.000	1	39.05	399974	397451	1.00		32	32
-1.279;0.502	-6.021;-0.638	00010000	1.000	1.000	1	45.36	399993	397497	1.00		116	116
-0.369;0.765	-7.601;-0.638	00010000	1.000	1.000	2	44.68	399993	397578	1.00		54	54
-0.091;0.185	-0.016;0.777	11101001	0.348	0.810	1	45.95	399984	397614	1.00		306	378
0.263;0.323	-0.108;1.753	11001000	0.151	0.685	1	36.45	399970	397618	1.00		37	54
-0.022;0.286	-0.449;-0.193	11000100	0.319	0.796	1	27.73	399876	397631	1.00		39	49
-0.540;-0.328	0.174;0.507	01101011	1.000	1.000	3	38.76	399980	397636	1.00		201	201
0.477;3.886	-1.466;0.778	10000000	1.000	1.000	1	40.07	399990	397759	1.00		169	169
-0.814;-0.339	-6.669;-0.638	00010000	1.000	1.000	1	44.88	399923	397784	1.00		54	54
0.166;0.323	0.696;1.966	11001000	1.000	1.000	1	35.80	399752	398012	1.00		5	5
0.383;4.072	#	10000000	0.310	0.791	1	40.04	399990	398023	0.50		163	206
0.305;0.473	-0.979;3.379	11000000	1.000	1.000	1	46.10	399987	398049	1.00		84	84
-0.556;-0.328	-0.121;0.507	01101011	0.397	0.831	1	36.94	399980	398120	1.00		187	225
-0.622;0.729	0.868;3.049	00001000	1.000	1.000	1	39.13	399974	398150	1.00		23	23
-0.115;0.222	-0.039;0.603	11101001	0.288	0.780	1	47.05	399960	398172	1.00		223	286
-0.176;0.495	0.065;0.794	11101001	0.092	0.621	1	42.92	399984	398181	1.00		257	414
-1.895;1.166	-7.591;-0.638	00010000	1.000	1.000	1	45.36	399993	398206	1.00		83	83
-0.167;0.323	0.696;2.591	11001000	0.307	0.789	1	29.20	399965	398245	1.00		30	38
-0.421;-0.385	-0.548;0.207	11000101	0.000	0.000	1	20.77	398247	398247	1.00		0	21
-0.298;0.323	0.696;2.921	11001000	0.106	0.638	1	31.21	399965	398321	1.00		30	47
-0.115;0.185	-0.307;0.542	11101001	0.066	0.581	1	46.33	399960	398376	1.00		180	310
-2.225;-0.707	0.513;1.098	01001000	0.186	0.714	1	28.32	399815	398417	1.00		15	21
-0.618;1.245	-0.105;0.062	11101101	0.121	0.656	1	40.76	399973	398426	1.00		137	209
-0.320;0.162	-0.105;0.062	11101101	0.925	0.984	2	43.45	399973	398426	1.00		127	129
-1.895;1.166	-6.791;-0.638	00010000	1.000	1.000	1	45.36	399993	398457	1.00		71	71
-0.556;-0.328	0.134;0.765	01101011	0.313	0.792	1	33.87	399980	398555	1.00		126	159
-0.408;1.922	-6.836;-0.638	00010000	1.000	1.000	1	45.75	399993	398627	1.00		35	35
#	0.826;2.534	00001000	1.000	1.000	1	34.04	399974	398644	0.50		23	23
-0.316;0.242	-0.427;-0.199	11000100	0.120	0.654	1	24.55	399876	398682	1.00		34	52
-0.556;-0.328	-0.276;0.649	01101011	0.148	0.682	1	32.67	399980	398699	1.00		131	192
0.349;1.591	-1.634;1.865	10000000	0.196	0.722	1	40.25	399990	398709	1.00		109	151
-0.820;0.385	-0.105;0.062	11101101	0.128	0.663	1	40.44	399973	398710	1.00		112	169
-0.585;0.438	-4.818;-0.638	00010000	1.000	1.000	1	45.46	399993	398836	1.00		49	49
-0.915;0.229	-4.528;-0.638	00010000	1.000	1.000	1	45.37	399993	398836	1.00		54	54
-0.115;0.185	0.065;0.667	11101001	0.969	0.994	2	48.98	399984	398843	1.00		158	159
-0.305;-0.116	0.068;0.317	11101011	1.000	1.000	1	36.80	399893	398894	1.00		53	53
-0.115;0.006	0.076;0.629	11101001	1.000	1.000	1	49.29	399984	398896	1.00		56	56
0.305;0.551	-1.703;1.163	11000000	0.251	0.759	1	44.90	399987	398915	1.00		44	58
-2.383;-0.707	-0.250;0.774	01001000	0.849	0.968	1	37.99	399983	398929	1.00		30	31
#	-4.818;-0.638	00010000	1.000	1.000	1	45.38	399993	398931	0.50		50	50
-0.405;0.323	0.696;1.966	11001000	0.048	0.545	1	28.76	399965	398970	1.00		18	33
#	-7.601;-0.638	00010000	1.000	1.000	1	45.40	399993	399009	0.50		45	45
0.263;0.323	-0.285;0.262	11001000	0.048	0.545	1	31.94	399862	399016	1.00		6	11
0.305;0.473	-1.703;2.414	11000000	1.000	1.000	2	46.17	399987	399017	1.00		40	40
-0.115;0.185	0.239;0.655	11101001	1.000	1.000	1	49.14	399984	399075	1.00		88	88
-1.111;-0.476	0.725;2.547	00001000	0.068	0.583	1	22.00	399793	399094	1.00		7	12
-0.556;-0.328	0.649;0.830	01101011	0.000	0.000	1	9.90	399113	399113	1.00		0	11
-0.804;0.502	-4.323;-0.638	00010000	1.000	1.000	1	45.45	399993	399156	1.00		39	39
0.698;4.878	#	10000000	1.000	1.000	1	42.08	399990	399183	0.50		48	48
0.796;2.610	-1.454;1.410	10000000	1.000	1.000	1	42.76	399990	399183	1.00		35	35
0.093;0.185	0.076;1.111	11101001	0.451	0.853	1	45.76	399919	399220	1.00		29	34
-2.320;-1.376	#	01001000	0.079	0.955	1	39.88	399257	399257	0.50		0	0
0.300;0.305	-1.703;1.163	11000000	0.000	0.000	1	34.50	399288	399288	1.00		0	2
-0.115;0.185	-0.383;0.957	11101001	0.061	0.571	1	43.86	399984	399358	1.00		88	154
-0.724;0.024	-0.679;-0.180	01101101	0.000	0.000	1	20.24	399392	399392	1.00		0	68
0.477;3.886	-0.369;0.949	10000000	1.000	1.000	1	40.12	399964	399408	1.00		47	47
0.185;0.277	0.065;0.667	11101001	0.000	0.000	1	14.71	399413	399413	1.00		0	7
-0.640;0.162	-0.105;0.062	11101101	0.367	0.818	1	41.50	399973	399462	1.00		45	55
-0.556;-0.328	#	01101011	0.038	0.520	1	30.03	399980	399500	0.50		53	102
-2.731;-0.707	-0.892;0.774	01001000	0.513	0.875	1	36.62	399983	399521	1.00		14	16
-0.672;-0.572	-0.370;0.612	01001001	0.299	0.786	1	24.73	399947	399576	1.00		11	14
-0.289;0.310	-0.105;0.062	11101101	0.382	0.825	1	41.94	399973	399624	1.00		33	40
-0.305;-0.116	0.068;0.626	11101011	0.853	0.969	1	35.31	399978	399627	1.00		31	32
-1.126;0.061	-5.490;-0.490	00010000	0.163	0.696	1	39.33	399993	399667	1.00		16	23
-1.067;-0.374	-0.869;-0.766	01000000	0.000	0.000	1	43.00	399676	399676	1.00		0	2
-1.416;-0.410	-0.171;0.084	01001001	0.186	0.714	1	32.86	399947	399705	1.00		5	7
-0.320;0.413	-0.457;-0.105	11101101	0.000	0.000	1	15.89	399706	399706	1.00		0	25
#	0.696;2.591	11001000	0.000	0.200	1	29.58	399965	399719	0.50		4	20
-0.305;-0.116	#	11101011	0.007	0.373	1	32.07	399978	399722	0.50		22	59
-0.226;0.285	0.826;2.534	00001000	1.000	1.000	1	44.00	399974	399793	1.00		2	2
0.477;5.128	-1.634;0.920	10000000	1.000	1.000	1	40.37	399990	399856	1.00		12	12
-0.556;-0.328	0.174;0.507	01101011	1.000	1.000	1	38.93	399980	399871	1.00		13	13
-0.124;0.286	-0.427;-0.193	11000100	0.031	0.500	1	20.50	399876	399876	1.00		1	2
#	-0.776;-0.229	00000100	0.000	0.105	1	24.09	399998	399900	0.50		2	19
-0.371;0.101	-0.717;-0.544	00010100	1.000	1.000	1	32.00	399977	399903	1.00		1	1
#	0.065;0.655	11101001	0.004	0.324	1	39.29	399984	399919	0.50		12	37
-0.115;0.185	-0.514;0.789	11101001	0.132	0.667	1	44.70	399984	399919	1.00		12	18
-0.340;-0.200	0.053;0.083	11101001	0.000	0.000	1	8.00	399925	399925	1.00		0	1
-0.320;0.162	-0.466;0.440	11101101	0.003	0.312	1	42.77	399973	399932	1.00		5	16
-0.672;-0.572	-0.029;0.511	01001001	0.071	0.933	1	29.42	399940	399940	1.00		0	0
-1.049;-0.136	-1.037;0.322	01010000	0.000	0.056	1	26.75	399942	399942	1.00		1	18
-0.648;0.229	-0.817;-0.119	10010100	0.000	0.125	1	22.12	399959	399959	1.00		1	8
#	-0.598;0.195	11000101	0.000	0.071	1	27.86	399966	399966	0.50		1	14
#	-0.947;0.281	01000100	0.000	0.059	1	32.94	399972	399972	0.50		1	17
#	-0.835;-0.098	10000100	0.000	0.167	1	23.00	399981	399981	0.50		1	6
-0.114;0.543	0.234;1.027	11001000	0.000	0.200	1	44.00	399982	399982	1.00		1	5
-0.234;0.770	-0.663;0.319	11000100	0.000	0.167	1	34.67	399989	399989	1.00		1	6
-1.056;0.076	-0.491;0.132	01000001	0.001	0.250	1	28.50	399992	399992	1.00		1	4
#	#	01101001	0.000	0.200	1	30.20	399995	399995	0.00		1	5
