att1	att2	Phenotype	Fitness	Accuracy	Numerosity	AveMatchSetSize	TimeStampGA	InitTimeStamp	Specificity	DeletionProb	CorrectCount	MatchCount
-1.034;0.352	#	000000000100100	0.073	0.593	1	221.54	399893	310854	0.50		1020	71293
#	-1.611;0.007	000000000000100	0.080	0.603	4	210.45	399984	371891	0.50		443	13477
-1.224;0.254	-0.930;0.403	100000100100100	0.110	0.643	1	224.39	399532	374173	1.00		147	15442
0.565;1.306	#	000000001000000	0.332	0.802	2	175.41	399927	374179	0.50		331	2143
-0.210;0.253	-0.853;-0.368	100000100110000	0.473	0.861	1	205.59	399363	378393	1.00		31	1484
-0.777;1.246	#	001000000110101	0.177	0.707	3	217.76	399985	379459	0.50		149	19921
#	-0.204;1.152	011100100111001	0.181	0.710	4	222.56	399891	380694	0.50		195	13244
#	0.243;1.037	001000010100001	0.192	0.719	4	214.50	399831	380771	0.50		192	6623
-1.001;-0.019	#	011101010110001	0.148	0.682	4	224.08	399986	381587	0.50		236	10640
-1.419;1.426	-0.985;0.465	101010100110000	0.188	0.716	3	217.87	399974	381749	1.00		288	15799
#	-0.787;0.550	101000101100000	0.162	0.695	1	220.24	399996	381822	0.50		546	16305
-1.417;-0.213	-0.110;1.467	000000000000001	0.084	0.609	2	230.93	399588	382665	1.00		73	4280
#	-1.126;-0.332	100000000100100	0.271	0.770	2	192.76	399915	382769	0.50		74	3833
-0.872;-0.353	-0.516;0.627	011101000100001	0.305	0.789	2	221.77	399862	382827	1.00		195	4056
#	-0.726;0.204	101000100100000	0.248	0.757	4	221.80	399957	383108	0.50		98	10056
#	-0.968;0.330	000001000000101	0.052	0.554	4	222.67	399995	384258	0.50		113	11647
0.272;1.524	#	001000101000000	0.295	0.783	5	202.62	399997	384311	0.50		157	3860
#	-0.031;0.472	111000100111001	0.265	0.767	1	229.23	399969	384524	0.50		244	6619
-0.576;-0.172	#	011101000110001	0.238	0.750	5	236.56	399990	384640	0.50		261	5094
-0.446;0.333	-0.997;0.666	101001100110101	0.285	0.778	2	235.70	399841	385716	1.00		141	7804
-0.571;0.763	-0.233;1.162	011000100110011	0.225	0.742	2	232.07	399684	386197	1.00		60	8268
0.153;0.708	-0.018;1.299	001000000100000	0.262	0.765	1	214.43	399543	386262	1.00		40	1823
0.565;1.306	-0.262;0.997	000000001000000	0.356	0.813	1	184.84	399927	386761	1.00		169	928
#	-0.516;0.627	011101000100001	0.133	0.668	2	220.22	399862	388345	0.50		132	9586
-0.700;0.393	-0.001;0.735	111100100111001	0.312	0.792	2	241.61	399991	388772	1.00		386	4222
-0.868;0.170	#	111101110110001	0.170	0.702	3	224.05	399882	389020	0.50		169	7605
0.000;0.755	#	101000101110001	0.443	0.850	1	215.60	399988	389193	0.50		493	4136
-0.111;1.241	-1.182;-0.334	100000100100000	0.387	0.827	2	195.19	399874	389389	1.00		75	1139
-0.020;0.755	#	101000101110001	0.439	0.848	2	218.24	399988	389712	0.50		466	4086
-0.004;0.738	#	001000000000001	0.148	0.682	2	218.14	399916	389747	0.50		60	3970
-0.582;0.715	#	111000100110001	0.362	0.816	1	226.02	399966	389908	0.50		617	8546
#	-0.802;0.012	101000100110101	0.373	0.821	2	216.40	399968	390019	0.50		344	4700
-0.855;0.252	#	111000100111001	0.228	0.744	1	222.16	399969	390641	0.50		147	6892
#	0.115;0.638	111100110110001	0.225	0.742	1	226.13	399878	390700	0.50		41	3670
-0.796;0.511	#	111100100111001	0.190	0.718	2	224.17	399991	390813	0.50		316	8014
-0.416;1.389	-0.595;0.490	111000100110001	0.440	0.849	1	221.92	399966	391005	1.00		555	5409
-0.875;-0.375	#	011101000100101	0.240	0.752	1	212.92	399435	391047	0.50		13	2406
-0.994;-0.109	0.395;1.053	001000010000001	0.292	0.782	2	216.89	399898	391054	1.00		166	865
-0.853;0.537	0.711;1.234	001000000000000	0.683	0.927	1	170.12	399982	391238	1.00		86	246
#	-0.800;0.218	111001100110101	0.254	0.760	1	221.82	399958	391391	0.50		345	5350
-0.287;0.723	-0.473;0.186	101000100110001	0.563	0.892	1	237.03	399973	391423	1.00		271	2367
-0.063;0.723	#	101000100110001	0.502	0.871	3	219.42	399973	391693	0.50		331	3475
#	-0.836;1.283	101000100110001	0.311	0.792	2	218.60	399973	391693	0.50		331	8223
-1.021;-0.523	-0.819;0.092	001000000100101	0.430	0.845	3	197.27	399905	391798	1.00		57	682
-0.921;0.320	-0.725;0.573	111101100110101	0.240	0.752	2	228.58	399944	391858	1.00		72	5671
-0.933;-0.007	#	101000100110100	0.151	0.686	2	224.08	399937	391922	0.50		104	4754
-0.446;0.017	#	111001100110101	0.337	0.805	1	244.15	399958	391948	0.50		324	3018
-0.796;0.511	-0.384;0.717	111100100111001	0.251	0.758	2	234.69	399991	392051	1.00		274	5309
0.061;1.358	-0.195;0.851	001000101100000	0.341	0.806	1	208.98	399757	392068	1.00		23	1989
-1.476;-0.487	-0.617;0.584	000001000000001	0.213	0.734	2	218.18	399914	392188	1.00		35	1258
-0.329;0.564	-0.875;-0.149	100010100110000	0.335	0.804	3	222.02	399911	392222	1.00		154	1649
-0.027;1.215	#	101000101100000	0.340	0.806	1	212.46	399996	392307	0.50		231	3292
-1.141;-0.496	-0.432;0.808	011001000100001	0.430	0.845	3	216.52	399698	392369	1.00		118	1210
-0.994;-0.109	#	001000010000001	0.087	0.614	1	223.48	399898	392452	0.50		140	3866
#	-0.262;0.997	000000001000000	0.041	0.528	1	222.06	399927	392560	0.50		95	5320
-0.745;0.931	0.152;1.140	001000000100001	0.207	0.730	1	219.91	399978	392664	1.00		32	2888
-1.177;0.194	-1.083;-0.172	000000000110100	0.223	0.741	1	207.03	399792	392802	1.00		11	1764
0.341;0.952	0.084;1.091	001000100100000	0.378	0.823	2	196.52	399869	392879	1.00		20	692
-0.425;0.835	#	101010100110001	0.290	0.781	1	217.97	399970	392930	0.50		194	5207
-0.446;0.333	#	101001100110101	0.272	0.771	3	231.32	399841	393082	0.50		68	3899
-0.849;0.337	0.256;0.740	011000100100001	0.301	0.787	1	236.36	399517	393090	1.00		30	1679
-0.289;0.730	#	001000100100001	0.263	0.766	1	224.45	399963	393277	0.50		38	4237
#	-0.942;0.809	011001000100101	0.116	0.650	1	217.12	399938	393284	0.50		114	6640
-0.684;0.464	0.005;0.857	111100100111011	0.202	0.726	2	238.31	399682	393391	1.00		10	2673
#	-1.721;0.995	111100100110001	0.234	0.748	1	216.40	399947	393400	0.50		77	6599
-0.777;2.130	#	001000000110101	0.177	0.707	2	217.76	399985	393439	0.50		49	6361
-2.645;0.261	-0.244;0.557	111101100110001	0.386	0.827	1	241.41	399939	393518	1.00		361	2959
0.289;1.512	#	101000101110000	0.490	0.867	1	202.33	399971	393556	0.50		302	1539
0.433;1.107	-0.476;0.765	101000101110000	0.579	0.896	2	193.19	399971	393556	1.00		293	800
-1.058;-0.113	#	011101010100001	0.142	0.676	1	223.48	399992	393605	0.50		28	3242
#	0.086;1.307	001000000000011	0.100	0.631	3	222.80	399624	393841	0.50		27	2826
#	0.256;0.740	011000100100001	0.282	0.776	1	218.31	399517	393844	0.50		25	1841
0.186;0.816	#	001000100100000	0.346	0.809	1	207.85	399869	393904	0.50		17	1652
#	-2.309;0.006	100000100110100	0.258	0.762	3	210.45	399895	393969	0.50		94	2903
0.119;1.678	#	101000101100000	0.404	0.834	2	208.47	399996	394033	0.50		179	1975
-0.532;0.209	-0.518;0.995	111100100110001	0.415	0.839	1	235.07	399947	394099	1.00		69	2899
-1.069;-0.496	#	011001000100001	0.374	0.821	1	204.00	399698	394106	0.50		88	1081
-1.272;-0.249	#	011001000100101	0.231	0.746	2	215.54	399938	394207	0.50		100	2219
-0.613;-0.020	-0.746;0.218	111001100110101	0.434	0.846	1	238.40	399958	394244	1.00		230	1631
-0.283;1.655	#	000000000100000	0.107	0.640	3	218.15	399858	394266	0.50		16	3739
-0.544;0.049	#	101000100110101	0.272	0.771	1	237.79	399968	394473	0.50		189	2593
0.222;1.426	#	000000100000000	0.191	0.718	3	205.84	399855	394487	0.50		24	1509
-0.567;0.637	0.404;0.908	001000000100011	0.293	0.782	1	207.93	399949	394537	1.00		48	772
-0.153;1.509	-1.025;-0.283	101010100110001	0.454	0.854	2	201.57	399970	394576	1.00		149	727
#	-0.854;0.886	101000100110000	0.255	0.761	1	218.60	399930	394621	0.50		53	5302
0.053;1.331	#	101000100110000	0.455	0.854	1	209.90	399930	394621	0.50		53	2056
-1.272;-0.249	-0.768;0.181	011001000100101	0.283	0.777	2	219.72	399938	394682	1.00		90	1210
-1.229;0.123	-0.770;0.603	011001000110101	0.210	0.732	4	233.44	399962	394722	1.00		45	3236
-0.362;0.672	-0.527;0.449	111000100110001	0.513	0.875	2	232.10	399966	394841	1.00		313	2490
-2.645;0.622	#	111101100110001	0.209	0.731	2	222.08	399939	394881	0.50		284	4778
#	0.404;0.908	001000000100011	0.288	0.779	2	203.34	399949	394924	0.50		44	931
-0.655;0.198	#	111101100111001	0.202	0.726	2	233.23	399918	394928	0.50		115	3211
-0.897;1.102	-0.201;1.528	011000100100011	0.174	0.705	1	222.42	399892	394974	1.00		86	3425
-2.645;0.120	-0.244;0.557	111101100110001	0.388	0.827	2	241.63	399939	395008	1.00		277	2080
-1.007;0.049	#	011100010110001	0.152	0.686	2	225.21	399946	395053	0.50		22	3041
-1.074;-0.602	#	011000010100001	0.311	0.792	2	184.56	399959	395066	0.50		42	535
0.289;1.127	-0.249;1.015	101000101110000	0.533	0.882	1	206.73	399971	395078	1.00		233	912
#	-0.615;0.702	101000101110001	0.248	0.757	1	219.47	399988	395124	0.50		223	4373
-0.883;-0.401	-0.137;0.658	011001010100001	0.370	0.820	1	225.99	399342	395148	1.00		7	731
-0.618;1.358	-0.195;0.851	001000101100000	0.136	0.671	1	227.46	399757	395184	1.00		13	2931
-0.153;1.509	-1.520;0.228	101010100110001	0.393	0.830	1	220.16	399970	395185	1.00		132	1642
-0.897;1.102	#	011000100100011	0.149	0.683	1	216.40	399892	395259	0.50		82	4733
-0.152;0.170	#	111101110110001	0.161	0.694	1	237.41	395311	395311	0.50		0	1043
-0.567;0.637	0.867;0.908	001000000100011	0.328	0.800	1	162.05	395312	395312	1.00		0	12
0.433;1.512	-0.476;0.765	101000101110000	0.581	0.897	2	193.19	399971	395332	1.00		215	586
#	-0.474;0.902	101000101110000	0.176	0.706	1	219.97	399971	395359	0.50		218	3935
#	0.109;1.039	011000110100001	0.208	0.730	1	220.61	399753	395435	0.50		32	2044
-1.300;-0.188	0.243;1.037	001000010100001	0.243	0.753	1	226.48	399831	395481	1.00		43	682
-2.645;0.261	-0.714;0.603	111101100110001	0.281	0.776	1	229.39	399939	395539	1.00		251	3025
-1.229;0.123	#	011001000110101	0.197	0.723	2	224.68	399962	395768	0.50		36	2822
-2.645;0.120	-0.244;1.109	111101100110001	0.309	0.791	1	237.45	399939	395808	1.00		233	2008
-0.063;0.723	-0.724;1.283	101000100110001	0.507	0.873	2	219.82	399973	395887	1.00		163	1705
#	-0.119;0.985	111000100110011	0.210	0.732	1	221.54	399396	395901	0.50		6	2569
-2.645;0.261	#	111101100110001	0.230	0.745	1	221.86	399939	396030	0.50		220	2964
-1.034;0.352	-0.992;-0.314	000000000100100	0.226	0.743	1	195.37	399893	396054	1.00		47	795
-0.719;0.578	-1.611;0.007	000000000000100	0.065	0.579	2	220.90	399906	396083	1.00		28	1660
-0.666;0.838	-1.335;0.041	100000100110100	0.264	0.766	1	220.05	399895	396094	1.00		60	1815
#	-1.088;0.042	101000100110101	0.348	0.810	1	212.39	399968	396118	0.50		135	1980
-0.633;1.102	#	011000100100011	0.149	0.683	1	220.40	399892	396138	0.50		68	3504
-1.141;-0.496	0.294;0.808	011001000100001	0.310	0.791	1	198.72	396161	396161	1.00		0	201
-0.224;1.110	#	100010100100000	0.158	0.692	1	217.55	399955	396222	0.50		23	2258
-1.199;-0.421	-0.796;0.037	000000000000101	0.213	0.734	1	201.59	399780	396285	1.00		6	428
-1.177;0.328	-1.083;-0.172	000000000110100	0.211	0.733	1	208.83	399792	396297	1.00		5	1033
0.289;1.512	-0.249;0.902	101000101110000	0.537	0.883	2	206.73	399971	396299	1.00		171	675
-0.777;0.496	#	001000000110101	0.190	0.717	1	224.19	399985	396305	0.50		28	3158
-0.872;-0.353	-0.516;0.773	011101000100001	0.293	0.782	1	221.23	399862	396320	1.00		41	925
-0.561;0.347	-0.518;0.995	111100100110001	0.387	0.827	2	231.03	399947	396332	1.00		42	2121
0.222;1.426	-0.961;-0.031	000000100000000	0.177	0.707	1	200.38	399855	396360	1.00		5	422
-0.777;1.246	-0.716;-0.154	001000000110101	0.254	0.760	2	216.69	399985	396384	1.00		27	1116
-0.362;0.657	-0.527;0.449	111000100110001	0.518	0.877	1	232.11	399966	396450	1.00		217	1694
0.000;0.755	-0.273;0.442	101000101110001	0.631	0.912	2	229.02	399988	396465	1.00		163	778
#	-0.476;0.765	101000101110000	0.178	0.708	2	220.78	399971	396476	0.50		167	2954
-0.777;1.246	-1.034;0.187	001000000110101	0.204	0.728	2	217.37	399985	396490	1.00		25	2056
-0.287;0.880	-0.836;1.283	101000100110001	0.416	0.839	1	218.29	399973	396524	1.00		139	2241
-0.083;0.677	-0.062;0.965	001000101110001	0.371	0.820	2	225.06	399662	396588	1.00		10	790
-1.094;-0.112	-0.197;1.043	011100010100001	0.209	0.731	2	235.63	399503	396593	1.00		10	1154
#	-0.819;0.092	001000000100101	0.170	0.702	2	218.16	399905	396602	0.50		23	1815
-0.897;0.221	-0.106;1.250	011000100100011	0.197	0.723	1	239.36	399892	396657	1.00		58	1466
-0.803;0.346	-0.273;0.985	111101100111001	0.240	0.752	2	241.66	399918	396683	1.00		76	1834
-0.567;0.637	0.777;0.908	001000000100011	0.342	0.807	1	166.06	396974	396974	1.00		0	39
#	-1.034;0.187	001000000110101	0.206	0.729	1	215.53	399985	397004	0.50		23	1826
-0.044;0.808	#	101000101110001	0.429	0.844	1	215.34	399988	397050	0.50		135	1234
#	-0.812;0.350	111000100110101	0.279	0.775	1	225.85	399950	397058	0.50		60	2211
0.222;1.426	-1.126;0.134	000000100000000	0.179	0.709	1	201.03	399855	397059	1.00		4	448
-1.272;-0.249	-0.942;0.581	011001000100101	0.239	0.751	1	215.69	399938	397101	1.00		50	1023
-1.021;-0.206	-0.760;0.034	001000000100101	0.256	0.761	1	211.81	399905	397109	1.00		20	575
-1.074;-0.602	0.173;1.338	011000010100001	0.526	0.879	1	198.51	399959	397163	1.00		24	125
-0.853;0.537	0.412;1.996	001000000000000	0.214	0.735	2	204.97	399982	397186	1.00		28	456
#	-0.476;0.902	101000101110000	0.176	0.707	1	219.84	399971	397219	0.50		131	2374
-0.346;0.410	-1.181;0.374	111000100110101	0.406	0.835	1	235.30	399950	397263	1.00		54	1142
-0.063;0.723	-0.856;0.749	101000100110001	0.515	0.876	4	219.91	399973	397285	1.00		107	1108
-0.329;-0.147	-0.875;-0.149	100010100110000	0.171	0.702	1	233.07	397298	397298	1.00		0	169
#	0.173;0.987	011000010100001	0.183	0.712	1	219.59	399959	397308	0.50		35	1073
-0.425;0.835	-2.075;0.228	101010100110001	0.347	0.809	1	224.55	399970	397324	1.00		74	1294
-0.613;0.017	-1.678;0.218	111001100110101	0.399	0.832	1	239.13	399958	397348	1.00		108	828
-1.306;0.221	#	011000100100011	0.159	0.693	1	223.52	399892	397356	0.50		46	1918
-1.067;0.580	-0.874;-0.772	101000100110101	0.096	0.626	1	137.60	397357	397357	1.00		0	31
0.186;0.361	-0.527;0.449	111000100110001	0.561	0.891	1	231.67	397387	397387	1.00		0	174
0.952;1.176	#	001000100100000	0.037	0.820	1	199.50	397399	397399	0.50		0	0
-0.721;0.576	-0.770;0.586	111100100110101	0.266	0.767	1	229.35	399538	397441	1.00		8	2016
-0.700;0.393	#	111100100111001	0.214	0.735	1	228.97	399991	397455	0.50		88	1944
0.224;0.410	-0.672;0.374	111000100110101	0.342	0.807	1	227.47	397490	397490	1.00		0	206
-0.613;-0.296	#	111001100110101	0.262	0.765	1	225.23	399883	397496	0.50		55	594
-0.665;0.354	0.121;0.838	011000100101001	0.243	0.753	1	241.39	399833	397503	1.00		12	757
-1.458;0.123	-0.770;0.603	011001000110101	0.210	0.732	1	233.44	399962	397518	1.00		21	1524
-2.645;0.622	0.370;0.557	111101100110001	0.209	0.731	1	236.86	397519	397519	1.00		0	287
0.798;1.512	-0.476;0.765	101000101110000	0.143	0.678	1	162.58	397524	397524	1.00		0	47
0.222;1.426	0.078;1.027	000000100000000	0.206	0.729	1	202.62	399648	397551	1.00		6	309
#	-0.151;0.442	101000101110001	0.259	0.763	1	226.08	399960	397581	0.50		105	1205
#	-0.419;0.821	001000101000000	0.085	0.611	1	222.78	399997	397592	0.50		24	1943
0.490;1.258	#	101000101100000	0.557	0.890	2	177.76	399996	397598	0.50		72	280
-1.219;-0.348	#	001000000000100	0.118	0.653	1	212.27	399718	397621	0.50		4	703
0.289;1.512	-0.476;1.013	101000101110000	0.522	0.878	1	206.30	399971	397663	1.00		107	484
-1.039;-0.539	#	001001010000001	0.270	0.770	1	190.37	399763	397666	0.50		4	362
#	-0.527;1.339	111000100110001	0.324	0.798	1	218.70	399966	397678	0.50		139	2044
0.202;1.678	#	101000101100000	0.433	0.846	1	205.97	399996	397717	0.50		66	652
#	-0.273;0.442	101000101110001	0.259	0.763	1	225.51	399988	397721	0.50		106	1311
#	-1.468;0.228	101010100110001	0.248	0.757	1	219.68	399970	397751	0.50		64	1453
-0.355;1.509	-0.808;-0.169	101010100110001	0.404	0.834	1	218.82	399970	397751	1.00		64	537
-0.763;0.410	-0.672;0.374	111000100110101	0.354	0.813	1	232.32	399950	397757	1.00		46	1321
-0.872;0.290	-0.516;0.627	011101000100001	0.182	0.711	1	228.78	399862	397765	1.00		24	1401
-0.287;0.901	-0.473;0.749	101000100110001	0.434	0.846	1	223.07	399973	397792	1.00		86	1178
-0.700;0.511	#	111100100111001	0.206	0.729	1	227.42	399991	397803	0.50		76	1823
-0.933;-0.007	-1.176;0.025	101000100110100	0.287	0.779	1	214.46	399937	397840	1.00		27	613
#	-0.518;0.995	111100100110001	0.264	0.766	1	218.70	399947	397850	0.50		24	1888
-0.613;-0.020	-0.908;0.969	111001100110101	0.287	0.779	1	236.01	399958	397861	1.00		85	1009
-1.001;-0.094	#	011101010110001	0.158	0.691	1	223.61	399986	397889	0.50		27	1121
-1.419;1.426	#	101010100110000	0.170	0.702	1	216.40	399974	397941	0.50		32	2058
-0.853;0.713	0.711;1.234	001000000000000	0.695	0.930	1	169.58	399982	397963	1.00		22	59
-0.210;0.253	#	100000100110000	0.233	0.747	1	235.95	399363	397965	0.50		2	685
-2.082;0.288	-0.244;0.557	111101100110001	0.385	0.826	1	241.41	399939	397967	1.00		114	937
#	-0.267;0.557	111101100110001	0.280	0.775	1	225.36	399939	397967	0.50		114	1280
-0.265;0.532	-0.119;0.985	111000100110011	0.337	0.804	1	231.98	399396	397998	1.00		2	678
-0.355;1.509	#	101010100110001	0.283	0.777	3	218.12	399970	398023	0.50		55	1410
-0.848;-0.273	0.243;1.037	001000010100001	0.368	0.819	1	218.98	399831	398024	1.00		18	211
-1.384;0.392	-1.088;0.186	101000100110101	0.340	0.806	1	219.35	399968	398056	1.00		68	997
0.833;1.276	-0.273;0.442	101000101110001	0.078	0.600	1	162.24	398060	398060	1.00		0	25
-0.020;0.755	-0.273;0.442	101000101110001	0.618	0.908	1	231.55	399988	398060	1.00		86	438
0.179;1.512	#	101000101110000	0.470	0.860	1	205.93	399971	398067	0.50		91	572
-0.425;1.509	#	101010100110001	0.279	0.775	2	217.86	399970	398071	0.50		54	1450
-0.153;0.132	-2.075;0.228	101010100110001	0.358	0.814	2	251.35	399970	398071	1.00		6	217
-0.921;1.008	-0.725;0.573	111101100110101	0.179	0.709	1	220.26	399944	398149	1.00		17	1649
#	-0.432;0.808	011001000100001	0.175	0.706	1	221.46	399698	398173	0.50		25	1491
#	-0.527;0.490	111000100110001	0.355	0.813	1	220.41	399966	398183	0.50		111	1396
-0.700;0.511	-0.392;0.945	111100100111001	0.253	0.760	1	232.80	399991	398185	1.00		62	1198
-0.346;0.410	-0.925;0.374	111000100110101	0.413	0.838	3	235.30	399950	398189	1.00		34	742
-0.346;0.914	#	111000100110101	0.282	0.777	1	218.21	399950	398189	0.50		34	1261
-0.633;1.102	-0.106;1.250	011000100100011	0.173	0.704	2	225.26	399892	398235	1.00		32	989
-1.322;0.265	-0.518;0.995	111100100110001	0.306	0.789	1	226.62	399947	398248	1.00		22	1154
-0.921;0.320	#	111101100110101	0.196	0.722	1	221.80	399944	398270	0.50		16	1354
0.239;1.406	-0.298;0.302	000000101000000	0.228	0.744	1	216.77	399979	398288	1.00		6	222
#	-0.475;0.985	111101100111001	0.159	0.692	2	219.97	399918	398289	0.50		41	1452
#	0.094;0.550	101000101100000	0.132	0.667	1	228.93	399870	398297	0.50		24	623
-1.130;0.056	#	001001000110101	0.174	0.705	1	225.21	399812	398305	0.50		10	1052
#	-1.073;0.374	111000100110101	0.268	0.769	1	217.57	399950	398308	0.50		33	1333
-0.763;0.410	#	111000100110101	0.285	0.778	1	225.73	399950	398308	0.50		33	1365
-0.855;0.252	-0.314;0.887	111000100111001	0.272	0.771	1	236.15	399969	398330	1.00		26	921
#	-1.520;-0.169	101010100110001	0.274	0.772	1	208.42	399970	398345	0.50		48	579
-0.362;1.145	-0.527;0.449	111000100110001	0.449	0.852	1	222.20	399966	398377	1.00		96	858
-0.567;0.637	0.404;1.203	001000000100011	0.290	0.781	1	207.93	399949	398419	1.00		14	224
-0.665;0.354	#	011000100101001	0.172	0.703	1	229.46	399833	398435	0.50		6	1123
-1.373;-0.187	-1.611;0.007	000000000000100	0.119	0.653	1	202.74	399984	398453	1.00		19	323
-0.287;0.723	#	101000100110001	0.431	0.845	1	224.45	399973	398463	0.50		60	961
#	-0.617;0.584	000001000000001	0.059	0.568	1	220.18	399914	398479	0.50		8	1307
-0.990;0.140	-0.019;0.930	011100110110001	0.265	0.767	1	239.04	399881	398483	1.00		3	570
-0.287;0.723	-0.836;0.186	101000100110001	0.508	0.873	2	225.52	399973	398491	1.00		46	559
-1.021;-0.869	-1.042;0.006	001000000100100	0.411	0.837	1	148.11	398511	398511	1.00		0	9
#	-1.025;-0.283	101010100110001	0.287	0.779	3	196.45	399970	398522	0.50		42	399
-2.082;0.288	#	111101100110001	0.231	0.746	1	221.79	399939	398541	0.50		79	1107
-0.656;1.127	-0.244;0.557	111101100110001	0.302	0.787	1	228.18	399939	398541	1.00		79	851
-1.695;0.049	#	011100010110001	0.153	0.687	1	225.21	399946	398548	0.50		6	890
-0.853;0.537	0.711;1.270	001000000000000	0.683	0.927	3	170.13	399982	398584	1.00		14	40
#	-0.997;0.666	101001100110101	0.210	0.732	1	217.12	399841	398605	0.50		13	1338
#	-0.473;0.186	101000100110001	0.375	0.822	1	224.74	399973	398621	0.50		43	630
-1.001;-0.512	#	011101010110001	0.193	0.719	1	197.14	399838	398623	0.50		10	237
0.117;0.578	-1.611;0.007	000000000000100	0.047	0.542	1	211.05	398636	398636	1.00		0	197
-0.287;0.723	-0.836;-0.250	101000100110001	0.482	0.864	1	205.71	399973	398652	1.00		16	226
-0.459;1.389	#	111000100110001	0.370	0.819	2	217.05	399966	398653	0.50		83	1064
-1.224;0.254	-0.832;0.403	100000100100100	0.108	0.641	1	229.77	399532	398700	1.00		5	765
-0.165;1.095	-1.275;-0.171	100010000100000	0.222	0.740	1	211.19	399400	398701	1.00		2	227
#	-0.273;0.391	101000101110001	0.264	0.766	1	225.29	399988	398724	0.50		55	684
-0.020;1.292	-0.151;0.442	101000101110001	0.539	0.884	2	221.62	399960	398724	1.00		53	279
#	-0.110;1.467	000000000000001	0.086	0.613	1	222.15	399588	398742	0.50		4	774
-1.417;-0.213	0.507;1.467	000000000000001	0.323	0.798	1	195.02	399588	398742	1.00		3	57
-0.483;0.054	-0.800;0.218	111001100110101	0.477	0.862	1	244.84	399958	398746	1.00		52	325
-0.287;0.901	#	101000100110001	0.406	0.835	1	218.23	399973	398778	0.50		45	794
#	-0.985;0.465	101010100110000	0.188	0.716	2	217.87	399974	398787	0.50		17	1052
0.289;1.512	-0.974;0.902	101000101110000	0.492	0.868	1	202.33	399971	398791	1.00		57	286
-0.763;0.410	-0.672;0.350	111000100110101	0.361	0.815	1	233.00	399950	398795	1.00		23	687
-1.074;-0.602	0.028;0.996	011000010100001	0.492	0.868	3	202.47	399959	398796	1.00		11	66
0.341;0.952	-0.194;1.142	001000100100000	0.372	0.821	1	199.43	399869	398797	1.00		3	174
-0.933;0.869	#	101000100110100	0.205	0.729	1	216.42	399937	398802	0.50		16	1186
-1.513;0.338	#	111101100111001	0.158	0.691	1	221.59	399918	398805	0.50		27	946
-1.208;0.033	-0.768;0.181	011001000100101	0.218	0.738	1	232.52	399938	398812	1.00		19	418
#	-1.520;0.228	101010100110001	0.247	0.756	1	219.68	399970	398813	0.50		34	775
#	-0.476;1.015	101000101110000	0.177	0.707	1	219.84	399971	398827	0.50		56	996
-0.855;0.451	-0.314;0.887	111000100111001	0.273	0.772	1	232.19	399969	398829	1.00		18	740
-1.141;-0.496	0.163;0.808	011001000100001	0.369	0.819	1	204.05	399698	398872	1.00		6	77
-0.796;0.511	-0.001;1.019	111100100111001	0.248	0.757	1	232.04	399991	398884	1.00		38	501
-1.266;-0.488	-1.611;0.007	000000000000100	0.283	0.777	1	184.99	399984	398902	1.00		13	101
-0.287;0.521	0.261;1.283	101000100110001	0.322	0.797	1	223.08	399835	398907	1.00		6	197
-0.053;0.820	-0.856;1.283	101000100110001	0.482	0.864	1	213.84	399973	398907	1.00		41	457
0.289;1.512	-0.789;0.353	101000101110000	0.562	0.891	1	207.57	399971	398922	1.00		42	199
0.490;1.215	#	101000101100000	0.551	0.887	1	177.76	399996	398926	0.50		32	125
-0.027;1.055	-0.678;0.562	101000101100000	0.359	0.815	2	215.57	399996	398926	1.00		32	389
-0.665;0.354	0.121;1.317	011000100101001	0.242	0.753	1	236.78	399833	398929	1.00		4	328
-0.665;0.354	0.838;0.929	011000100101001	0.132	0.667	1	174.20	398929	398929	1.00		0	5
-1.189;-0.485	-0.968;0.330	000001000000101	0.246	0.755	1	207.54	399995	398937	1.00		7	156
0.222;1.426	-0.068;1.172	000000100000000	0.198	0.724	1	203.29	399648	398949	1.00		2	170
0.677;0.839	-0.062;0.965	001000101110001	0.303	0.788	1	188.12	398963	398963	1.00		0	27
0.239;1.055	-0.298;0.302	000000101000000	0.228	0.744	1	216.77	399979	398987	1.00		3	130
-1.513;0.338	-0.475;0.985	111101100111001	0.211	0.733	2	229.65	399918	398988	1.00		25	678
#	-0.209;0.682	101000101100000	0.145	0.680	1	223.71	399996	398996	0.50		30	653
-0.855;0.388	-0.157;0.598	111000100111001	0.304	0.788	1	240.48	399969	399023	1.00		16	462
-0.856;0.182	0.155;1.047	001000110100001	0.185	0.714	1	232.91	399725	399026	1.00		2	287
-0.402;0.395	#	111000100111001	0.334	0.803	1	228.68	399969	399068	0.50		14	533
-0.655;0.198	-0.971;0.985	111101100111001	0.208	0.731	1	233.23	399918	399070	1.00		23	581
-0.355;0.983	-2.075;0.228	101010100110001	0.348	0.810	1	225.17	399970	399072	1.00		27	423
-0.797;0.426	-0.475;0.985	111101100111001	0.206	0.729	1	231.46	399918	399122	1.00		19	615
-1.001;0.822	#	011101010110001	0.091	0.619	2	216.42	399986	399139	0.50		10	845
#	-0.251;1.183	001000100110001	0.268	0.768	2	222.07	399940	399144	0.50		4	603
-0.761;0.033	#	011001000100101	0.175	0.706	1	228.43	399938	399198	0.50		14	462
#	-0.942;0.581	011001000100101	0.113	0.646	1	217.75	399938	399198	0.50		14	742
#	-0.384;0.717	111100100111001	0.202	0.727	2	222.83	399991	399201	0.50		28	611
-0.355;0.838	-2.075;0.228	101010100110001	0.355	0.813	1	225.18	399970	399221	1.00		23	352
-1.100;-0.489	-0.856;0.035	001000000000101	0.372	0.821	1	196.74	399932	399233	1.00		2	65
-1.075;-0.482	-0.599;0.718	001001000000001	0.294	0.783	1	217.56	399935	399236	1.00		2	131
-1.152;0.320	-0.725;0.573	111101100110101	0.241	0.752	1	228.58	399944	399245	1.00		6	524
-0.700;-0.358	#	111100100111001	0.119	0.653	1	222.33	399257	399257	0.50		0	166
-1.001;-0.019	-0.345;0.933	011101010110001	0.216	0.736	1	235.80	399986	399287	1.00		9	323
-0.576;-0.493	#	011101000110001	0.422	0.842	1	229.17	399990	399319	0.50		8	40
-0.547;0.417	-1.181;0.374	111000100110101	0.375	0.822	1	233.01	399950	399329	1.00		13	366
0.565;1.306	-0.252;0.988	000000001000000	0.349	0.810	1	185.22	399927	399343	1.00		7	45
-1.071;0.022	0.395;1.053	001000010000001	0.260	0.764	1	219.24	399898	399346	1.00		11	75
-0.853;0.537	#	001000000000000	0.093	0.622	2	222.34	399982	399361	0.50		5	569
-0.210;0.253	-0.853;-0.819	100000100110000	0.047	0.861	1	217.00	399363	399363	1.00		0	0
#	-0.162;1.136	011000100101011	0.126	0.661	1	221.68	399370	399370	0.50		1	412
0.222;1.426	0.190;1.023	000000100000000	0.211	0.732	1	201.40	399648	399380	1.00		1	65
#	-1.126;-0.325	100000000100100	0.265	0.767	1	192.77	399915	399390	0.50		2	138
-0.362;0.715	-0.566;0.461	111000100110001	0.494	0.869	1	229.40	399966	399393	1.00		39	318
#	-0.244;0.603	111101100110001	0.267	0.768	1	224.83	399939	399406	0.50		34	385
-0.855;0.252	0.277;0.472	111000100111001	0.386	0.827	1	239.15	399969	399409	1.00		5	70
-0.796;0.393	-0.001;0.717	111100100111001	0.289	0.780	1	239.97	399991	399419	1.00		19	223
-0.700;0.093	-0.384;0.735	111100100111001	0.277	0.774	1	247.37	399991	399419	1.00		19	267
#	-0.774;1.307	001000000000011	0.081	0.605	1	218.60	399624	399433	0.50		2	555
-1.169;-0.577	-0.968;0.330	000001000000101	0.339	0.805	1	180.58	399995	399444	1.00		3	49
-0.044;1.292	-0.214;0.832	101000101110001	0.431	0.845	1	216.62	399988	399458	1.00		22	165
0.000;0.808	#	101000101110001	0.438	0.848	1	211.90	399988	399458	0.50		22	207
-0.800;0.123	-0.770;0.603	011001000110101	0.217	0.737	1	237.38	399962	399459	1.00		5	321
-0.994;0.022	0.395;1.053	001000010000001	0.253	0.760	1	219.24	399898	399480	1.00		9	56
-0.913;-0.042	#	011101000110101	0.190	0.718	1	223.60	399483	399483	0.50		1	296
-0.523;-0.340	-0.819;0.092	001000000100101	0.191	0.718	1	213.77	399487	399487	1.00		0	44
#	-0.405;0.932	011101010110001	0.113	0.647	1	221.51	399986	399492	0.50		5	407
0.341;0.952	0.084;0.487	001000100100000	0.352	0.811	1	202.52	399496	399496	1.00		0	35
-1.216;1.426	-0.985;0.465	101010100110000	0.189	0.717	1	217.87	399974	399516	1.00		5	420
-1.109;-0.405	#	001001000000101	0.211	0.733	1	210.93	399556	399556	0.50		1	114
-0.289;0.730	0.194;1.209	001000100100001	0.280	0.775	1	225.22	399963	399568	1.00		2	108
#	-0.109;0.395	101000101100000	0.146	0.681	1	226.64	399870	399574	0.50		11	173
-1.272;0.033	-0.942;0.181	011001000100101	0.211	0.733	1	223.80	399938	399575	1.00		6	159
-0.898;-0.268	-0.768;0.581	011001000100101	0.240	0.752	1	220.84	399938	399575	1.00		6	139
-0.153;1.509	#	101010100110001	0.315	0.794	1	215.63	399970	399577	0.50		14	216
-0.796;0.093	-0.384;0.735	111100100111001	0.255	0.761	1	246.03	399991	399583	1.00		14	205
-0.544;0.392	#	101000100110101	0.312	0.792	2	229.61	399968	399585	0.50		17	282
-1.417;-0.130	-0.110;1.467	000000000000001	0.070	0.587	1	233.83	399588	399588	1.00		0	124
#	0.121;0.838	011000100101001	0.212	0.733	1	222.61	399833	399600	0.50		2	167
-0.571;0.763	-0.233;1.677	011000100110011	0.229	0.745	1	232.07	399684	399618	1.00		1	219
-0.362;0.657	#	111000100110001	0.420	0.841	1	225.51	399966	399631	0.50		20	235
-0.633;1.102	0.504;1.250	011000100100011	0.386	0.827	1	192.42	399867	399633	1.00		6	30
-0.459;1.389	-0.457;0.415	111000100110001	0.448	0.852	1	223.64	399966	399660	1.00		17	181
0.073;1.444	-0.767;0.124	001000100000000	0.219	0.738	1	207.17	399714	399714	1.00		1	66
-0.855;0.388	-0.157;0.472	111000100111001	0.317	0.795	1	240.97	399969	399722	1.00		5	118
#	-0.031;0.676	111000100111001	0.229	0.745	1	226.17	399969	399722	0.50		5	143
-0.995;-0.602	#	011000010100001	0.285	0.778	1	184.78	399959	399726	0.50		3	30
-0.855;0.388	#	111000100111001	0.237	0.750	2	222.14	399969	399728	0.50		4	222
#	-0.981;0.887	111000100111001	0.209	0.731	1	216.40	399969	399728	0.50		4	271
-0.845;-0.308	-0.945;-0.054	001000000100100	0.324	0.798	1	190.34	399909	399749	1.00		3	40
-0.868;0.170	-0.073;0.741	111101110110001	0.270	0.769	1	243.15	399882	399773	1.00		1	83
#	-0.457;0.449	111000100110001	0.338	0.805	1	222.09	399966	399775	0.50		10	160
#	-0.527;0.415	111000100110001	0.348	0.810	1	220.39	399966	399775	0.50		9	165
-1.074;-0.602	0.173;0.987	011000010100001	0.429	0.844	1	200.22	399959	399784	1.00		1	9
0.272;1.215	#	001000101000000	0.268	0.768	1	202.65	399997	399785	0.50		1	55
#	-0.244;1.109	111101100110001	0.232	0.747	1	222.07	399939	399809	0.50		10	128
-2.082;0.120	-0.307;0.797	111101100110001	0.316	0.794	1	241.17	399939	399809	1.00		10	92
-0.063;0.723	0.074;0.597	101000100110001	0.545	0.886	1	228.28	399835	399835	1.00		0	21
-1.001;0.822	-0.405;0.932	011101010110001	0.125	0.660	1	221.60	399986	399838	1.00		1	120
-0.449;0.181	-0.202;1.096	011100100111011	0.255	0.761	1	249.63	399840	399840	1.00		1	44
-0.111;0.801	-1.182;-0.334	100000100100000	0.357	0.814	1	198.45	399874	399849	1.00		1	19
-0.346;0.914	-0.812;0.350	111000100110101	0.335	0.804	1	226.95	399950	399854	1.00		4	72
-2.645;0.120	-0.244;0.603	111101100110001	0.334	0.803	1	241.60	399939	399864	1.00		7	62
-1.394;-0.116	#	001001010100001	0.130	0.665	1	223.44	399876	399876	0.50		1	69
-0.044;0.755	-0.273;0.442	101000101110001	0.565	0.892	1	235.52	399988	399888	1.00		5	21
0.000;0.808	-0.290;0.252	101000101110001	0.642	0.915	1	229.47	399988	399888	1.00		4	11
-1.476;-0.487	-1.489;0.584	000001000000001	0.212	0.733	1	211.52	399914	399914	1.00		1	18
-0.425;1.509	-2.075;0.228	101010100110001	0.388	0.827	1	224.51	399970	399920	1.00		4	39
0.565;1.306	-0.271;1.027	000000001000000	0.386	0.827	1	183.80	399927	399927	1.00		1	5
1.259;1.306	#	000000001000000	0.033	0.802	1	174.77	399927	399927	0.50		0	0
-0.853;0.713	0.711;1.270	001000000000000	1.000	1.000	1	179.00	399982	399934	1.00		1	1
0.342;0.843	#	100000000100000	0.239	0.751	1	200.67	399936	399936	0.50		1	15
#	-0.251;1.535	001000100110001	0.257	0.762	1	222.12	399940	399940	0.50		0	44
-0.416;0.715	-0.083;0.924	111000100110001	0.426	0.843	1	229.93	399966	399945	1.00		2	17
-0.362;1.389	-0.595;0.490	111000100110001	0.457	0.855	1	222.20	399966	399945	1.00		2	34
-0.606;0.599	-0.157;0.472	111000100111001	0.243	0.753	1	237.80	399969	399969	1.00		0	10
-0.425;1.509	-2.535;0.228	101010100110001	0.447	0.851	1	221.19	399970	399970	1.00		2	13
-0.355;0.835	#	101010100110001	0.328	0.800	1	216.80	399970	399970	0.50		2	19
-0.287;0.901	-0.891;0.291	101000100110001	0.489	0.867	1	224.55	399973	399973	1.00		1	12
-0.999;-0.443	-1.611;0.007	000000000000100	0.328	0.800	1	203.00	399984	399984	1.00		0	2
-1.001;0.261	-0.405;0.933	011101010110001	0.328	0.800	1	234.00	399986	399986	1.00		0	5
-1.514;-0.161	-0.968;0.330	000001000000101	0.005	0.554	1	220.42	399995	399995	1.00		0	0
