Explore_Iteration	MacroPopSize	MicroPopSize	Hamming_Loss	Accuracy	AveGenerality	Time(min)	TP	TN	OverGenAcc
1000	67	103	0.151	0.66	0.14	0.01	1.925	0.623	0.018
2000	122	195	0.148	0.668	0.13	0.04	1.938	0.617	0.014
3000	180	294	0.157	0.652	0.13	0.08	1.931	0.599	0.014
4000	236	382	0.145	0.681	0.13	0.14	1.946	0.62	0.014
5000	276	459	0.139	0.682	0.12	0.21	1.959	0.624	0.014
6000	314	500	0.119	0.732	0.12	0.30	1.994	0.649	0.007
7000	300	500	0.11	0.761	0.11	0.38	2.032	0.637	0.000
8000	299	500	0.103	0.763	0.11	0.46	2.042	0.649	0.000
9000	296	500	0.094	0.774	0.11	0.53	2.055	0.662	0.004
10000	304	500	0.091	0.781	0.11	0.61	2.047	0.679	0.008
11000	311	500	0.086	0.79	0.10	0.69	2.054	0.688	0.004
12000	306	500	0.086	0.79	0.09	0.77	2.057	0.685	0.005
13000	314	500	0.088	0.788	0.09	0.85	2.046	0.691	0.004
14000	320	500	0.08	0.801	0.09	0.93	2.067	0.694	0.000
15000	315	500	0.082	0.796	0.08	1.00	2.06	0.694	0.000
16000	322	500	0.078	0.804	0.08	1.08	2.068	0.697	0.004
17000	316	500	0.075	0.807	0.08	1.15	2.062	0.714	0.006
18000	312	500	0.073	0.81	0.07	1.22	2.067	0.713	0.012
19000	320	500	0.072	0.812	0.07	1.29	2.068	0.716	0.010
20000	322	500	0.071	0.813	0.07	1.36	2.067	0.72	0.008
21000	329	500	0.065	0.825	0.08	1.43	2.079	0.725	0.011
22000	330	500	0.061	0.834	0.07	1.49	2.084	0.732	0.008
23000	333	500	0.055	0.844	0.07	1.56	2.088	0.747	0.000
24000	332	500	0.054	0.845	0.07	1.62	2.089	0.748	0.004
25000	339	500	0.049	0.852	0.07	1.68	2.087	0.765	0.004
26000	337	500	0.05	0.852	0.08	1.75	2.089	0.761	0.013
27000	341	500	0.05	0.853	0.09	1.81	2.089	0.762	0.013
28000	343	500	0.047	0.859	0.08	1.88	2.089	0.77	0.001
29000	346	500	0.046	0.862	0.08	1.95	2.097	0.765	0.009
30000	350	500	0.045	0.864	0.08	2.01	2.093	0.771	0.000
31000	349	500	0.044	0.867	0.08	2.08	2.096	0.771	0.017
32000	345	500	0.044	0.87	0.08	2.15	2.083	0.786	0.013
33000	349	500	0.039	0.883	0.08	2.21	2.095	0.788	0.000
34000	348	500	0.036	0.893	0.08	2.28	2.087	0.805	0.004
35000	356	500	0.035	0.897	0.07	2.34	2.086	0.81	0.009
36000	354	500	0.03	0.91	0.07	2.40	2.095	0.815	0.000
37000	356	500	0.03	0.91	0.07	2.46	2.094	0.816	0.012
38000	362	500	0.03	0.91	0.07	2.52	2.095	0.815	0.000
39000	362	500	0.03	0.911	0.07	2.58	2.094	0.817	0.004
40000	358	500	0.028	0.917	0.07	2.64	2.087	0.83	0.000
41000	352	500	0.028	0.917	0.07	2.70	2.091	0.826	0.000
42000	345	500	0.027	0.918	0.07	2.76	2.09	0.828	0.008
43000	342	500	0.026	0.921	0.06	2.82	2.091	0.83	0.004
44000	349	500	0.025	0.925	0.07	2.88	2.102	0.823	0.000
45000	354	500	0.026	0.923	0.06	2.94	2.096	0.827	0.000
46000	346	500	0.025	0.925	0.06	2.99	2.097	0.828	0.000
47000	350	500	0.025	0.924	0.07	3.05	2.087	0.837	0.009
48000	350	500	0.024	0.927	0.07	3.10	2.097	0.83	0.016
49000	346	500	0.027	0.92	0.06	3.16	2.093	0.827	0.009
50000	347	500	0.026	0.921	0.06	3.22	2.085	0.836	0.012
51000	358	500	0.026	0.922	0.06	3.27	2.094	0.828	0.000
52000	354	500	0.026	0.921	0.06	3.33	2.096	0.825	0.000
53000	354	500	0.026	0.921	0.06	3.38	2.097	0.824	0.000
54000	343	500	0.027	0.921	0.06	3.44	2.093	0.827	0.013
55000	341	500	0.027	0.922	0.06	3.49	2.09	0.83	0.004
56000	350	500	0.028	0.919	0.06	3.55	2.09	0.826	0.004
57000	349	500	0.028	0.918	0.06	3.60	2.088	0.827	0.009
58000	353	500	0.027	0.92	0.05	3.66	2.091	0.828	0.000
59000	349	500	0.026	0.923	0.05	3.71	2.099	0.824	0.004
60000	350	500	0.026	0.922	0.05	3.76	2.094	0.828	0.004
61000	359	500	0.026	0.922	0.05	3.82	2.097	0.825	0.004
62000	356	500	0.026	0.923	0.05	3.88	2.09	0.833	0.019
63000	355	500	0.025	0.926	0.05	3.94	2.095	0.83	0.000
64000	354	500	0.026	0.921	0.06	4.00	2.096	0.825	0.017
65000	358	500	0.028	0.917	0.06	4.05	2.078	0.839	0.005
66000	355	500	0.027	0.919	0.06	4.11	2.084	0.835	0.000
67000	351	500	0.031	0.909	0.06	4.16	2.073	0.833	0.005
68000	347	500	0.03	0.913	0.06	4.22	2.082	0.829	0.000
69000	348	500	0.026	0.923	0.06	4.27	2.082	0.84	0.014
70000	352	500	0.024	0.929	0.07	4.33	2.094	0.833	0.000
71000	346	500	0.024	0.933	0.06	4.38	2.093	0.835	0.011
72000	349	500	0.024	0.927	0.07	4.43	2.087	0.84	0.013
73000	355	500	0.023	0.93	0.07	4.49	2.094	0.836	0.005
74000	353	500	0.022	0.933	0.06	4.54	2.097	0.836	0.000
75000	361	500	0.021	0.936	0.07	4.60	2.096	0.84	0.000
76000	356	500	0.021	0.937	0.07	4.66	2.096	0.841	0.015
77000	354	500	0.02	0.939	0.06	4.72	2.09	0.849	0.010
78000	360	500	0.02	0.94	0.06	4.77	2.094	0.846	0.016
79000	362	500	0.021	0.938	0.06	4.82	2.092	0.846	0.000
80000	357	500	0.02	0.939	0.06	4.88	2.093	0.846	0.013
81000	358	500	0.02	0.94	0.06	4.93	2.1	0.84	0.000
82000	358	500	0.021	0.936	0.06	4.98	2.096	0.84	0.022
83000	355	500	0.021	0.937	0.06	5.04	2.099	0.838	0.004
84000	349	500	0.021	0.937	0.06	5.09	2.086	0.851	0.017
85000	352	500	0.021	0.938	0.07	5.15	2.098	0.84	0.000
86000	358	500	0.023	0.932	0.06	5.20	2.092	0.84	0.004
87000	356	500	0.023	0.931	0.06	5.25	2.088	0.843	0.018
88000	360	500	0.02	0.94	0.07	5.31	2.099	0.841	0.014
89000	355	500	0.021	0.937	0.06	5.36	2.098	0.839	0.020
90000	354	500	0.02	0.939	0.06	5.41	2.098	0.841	0.004
91000	351	500	0.021	0.937	0.07	5.47	2.096	0.841	0.018
92000	359	500	0.02	0.939	0.06	5.52	2.09	0.849	0.005
93000	351	500	0.02	0.94	0.06	5.57	2.094	0.846	0.000
94000	355	500	0.021	0.938	0.06	5.63	2.092	0.846	0.004
95000	359	500	0.021	0.938	0.05	5.68	2.092	0.846	0.008
96000	361	500	0.02	0.94	0.06	5.73	2.1	0.84	0.004
97000	363	500	0.02	0.939	0.06	5.78	2.097	0.842	0.004
98000	352	500	0.02	0.941	0.06	5.83	2.098	0.843	0.007
99000	357	500	0.02	0.939	0.06	5.88	2.088	0.851	0.006
100000	358	500	0.02	0.941	0.06	5.93	2.096	0.845	0.000
101000	351	500	0.02	0.939	0.06	5.98	2.095	0.844	0.005
102000	353	500	0.02	0.939	0.06	6.03	2.087	0.852	0.004
103000	353	500	0.02	0.94	0.06	6.08	2.097	0.843	0.004
104000	354	500	0.02	0.939	0.06	6.13	2.097	0.842	0.004
105000	354	500	0.02	0.941	0.06	6.18	2.1	0.841	0.004
106000	351	500	0.02	0.941	0.06	6.23	2.094	0.847	0.007
107000	346	500	0.018	0.947	0.06	6.28	2.092	0.855	0.008
108000	346	500	0.02	0.941	0.06	6.33	2.092	0.849	0.004
109000	349	500	0.019	0.944	0.06	6.39	2.091	0.853	0.000
110000	343	500	0.018	0.945	0.06	6.44	2.096	0.849	0.000
111000	342	500	0.017	0.95	0.06	6.50	2.099	0.851	0.000
112000	342	500	0.016	0.953	0.06	6.55	2.096	0.857	0.006
113000	348	500	0.02	0.943	0.06	6.59	2.097	0.844	0.003
114000	353	500	0.02	0.943	0.06	6.64	2.086	0.854	0.000
115000	355	500	0.019	0.946	0.06	6.69	2.095	0.848	0.007
116000	354	500	0.021	0.941	0.06	6.74	2.094	0.844	0.000
117000	356	500	0.019	0.946	0.06	6.79	2.089	0.854	0.000
118000	359	500	0.017	0.953	0.07	6.84	2.1	0.85	0.000
119000	358	500	0.017	0.952	0.06	6.89	2.094	0.854	0.000
120000	357	500	0.017	0.951	0.06	6.94	2.095	0.853	0.000
121000	364	500	0.016	0.955	0.06	6.98	2.086	0.867	0.008
122000	373	500	0.016	0.957	0.06	7.03	2.097	0.854	0.009
123000	375	500	0.017	0.956	0.06	7.08	2.093	0.857	0.000
124000	376	500	0.016	0.956	0.06	7.13	2.088	0.863	0.016
125000	375	500	0.016	0.957	0.06	7.18	2.096	0.855	0.000
126000	366	500	0.016	0.958	0.07	7.23	2.098	0.854	0.013
127000	368	500	0.016	0.958	0.07	7.27	2.097	0.855	0.013
128000	369	500	0.016	0.958	0.07	7.31	2.095	0.858	0.000
129000	363	500	0.016	0.957	0.07	7.36	2.09	0.861	0.015
130000	368	500	0.017	0.956	0.07	7.41	2.094	0.856	0.006
131000	369	500	0.017	0.954	0.07	7.46	2.092	0.856	0.006
132000	363	500	0.017	0.955	0.07	7.51	2.092	0.858	0.013
133000	366	500	0.018	0.951	0.07	7.55	2.101	0.844	0.032
134000	367	500	0.018	0.949	0.06	7.61	2.096	0.85	0.008
135000	374	500	0.016	0.952	0.07	7.66	2.098	0.854	0.017
136000	375	500	0.016	0.953	0.07	7.71	2.088	0.865	0.000
137000	364	500	0.015	0.955	0.07	7.75	2.094	0.861	0.019
138000	353	500	0.016	0.952	0.06	7.79	2.086	0.866	0.012
139000	366	500	0.015	0.955	0.06	7.84	2.082	0.873	0.013
140000	364	500	0.016	0.958	0.06	7.88	2.093	0.86	0.005
141000	366	500	0.014	0.963	0.07	7.93	2.099	0.858	0.004
142000	367	500	0.014	0.963	0.06	7.97	2.096	0.861	0.009
143000	375	500	0.014	0.962	0.07	8.02	2.097	0.86	0.004
144000	371	500	0.014	0.964	0.07	8.07	2.09	0.868	0.013
145000	373	500	0.015	0.962	0.07	8.12	2.093	0.863	0.008
146000	377	500	0.015	0.962	0.07	8.18	2.093	0.863	0.006
147000	369	500	0.012	0.966	0.06	8.22	2.092	0.873	0.013
148000	365	500	0.011	0.967	0.06	8.27	2.101	0.866	0.015
149000	366	500	0.012	0.966	0.06	8.31	2.095	0.87	0.002
150000	363	500	0.01	0.971	0.06	8.36	2.096	0.875	0.006
151000	363	500	0.012	0.965	0.06	8.41	2.09	0.875	0.015
152000	355	500	0.011	0.966	0.06	8.46	2.095	0.871	0.008
153000	347	500	0.009	0.974	0.06	8.50	2.095	0.879	0.005
154000	356	500	0.009	0.974	0.06	8.55	2.087	0.887	0.004
155000	357	500	0.01	0.974	0.06	8.60	2.098	0.871	0.012
156000	357	500	0.011	0.974	0.06	8.64	2.095	0.873	0.036
157000	353	500	0.01	0.975	0.06	8.68	2.1	0.869	0.038
158000	345	500	0.01	0.975	0.06	8.74	2.094	0.876	0.011
159000	351	500	0.01	0.974	0.07	8.78	2.092	0.877	0.020
160000	346	500	0.01	0.974	0.06	8.82	2.093	0.878	0.007
161000	355	500	0.011	0.972	0.07	8.86	2.09	0.877	0.004
162000	360	500	0.01	0.974	0.07	8.91	2.095	0.875	0.013
163000	357	500	0.009	0.975	0.07	8.95	2.099	0.875	0.000
164000	351	500	0.01	0.974	0.07	9.00	2.096	0.875	0.006
165000	348	500	0.009	0.976	0.06	9.05	2.096	0.877	0.009
166000	356	500	0.01	0.973	0.06	9.10	2.089	0.881	0.018
167000	352	500	0.009	0.974	0.07	9.15	2.095	0.877	0.008
168000	360	500	0.011	0.97	0.06	9.20	2.095	0.871	0.005
169000	361	500	0.013	0.967	0.07	9.25	2.09	0.872	0.004
170000	360	500	0.012	0.971	0.07	9.29	2.099	0.866	0.012
171000	366	500	0.012	0.971	0.06	9.34	2.094	0.871	0.007
172000	366	500	0.012	0.97	0.07	9.38	2.102	0.862	0.013
173000	356	500	0.012	0.968	0.07	9.45	2.087	0.876	0.000
174000	358	500	0.012	0.971	0.07	9.49	2.092	0.873	0.005
175000	355	500	0.012	0.971	0.07	9.53	2.09	0.875	0.009
176000	354	500	0.011	0.971	0.07	9.59	2.086	0.88	0.005
177000	361	500	0.012	0.97	0.07	9.64	2.093	0.871	0.033
178000	359	500	0.01	0.971	0.07	9.69	2.094	0.876	0.005
179000	354	500	0.009	0.973	0.07	9.74	2.096	0.876	0.022
180000	359	500	0.009	0.975	0.07	9.79	2.097	0.875	0.023
181000	359	500	0.01	0.974	0.07	9.84	2.089	0.881	0.015
182000	368	500	0.011	0.974	0.07	9.88	2.094	0.874	0.008
183000	367	500	0.011	0.973	0.07	9.92	2.091	0.876	0.006
184000	365	500	0.01	0.974	0.07	9.97	2.091	0.878	0.004
185000	365	500	0.01	0.975	0.07	10.02	2.102	0.869	0.000
186000	366	500	0.009	0.973	0.06	10.07	2.095	0.878	0.014
187000	364	500	0.008	0.976	0.06	10.12	2.098	0.878	0.005
188000	371	500	0.009	0.974	0.07	10.17	2.088	0.886	0.000
189000	367	500	0.009	0.974	0.07	10.22	2.097	0.876	0.000
190000	364	500	0.009	0.974	0.07	10.26	2.092	0.882	0.021
191000	371	500	0.009	0.974	0.07	10.32	2.088	0.886	0.009
192000	370	500	0.009	0.974	0.07	10.37	2.097	0.877	0.004
193000	368	500	0.009	0.974	0.07	10.41	2.1	0.873	0.035
194000	368	500	0.01	0.973	0.07	10.47	2.098	0.871	0.009
195000	367	500	0.01	0.975	0.07	10.54	2.096	0.874	0.017
196000	366	500	0.011	0.974	0.07	10.58	2.09	0.878	0.012
197000	363	500	0.01	0.974	0.07	10.64	2.093	0.878	0.009
198000	365	500	0.011	0.973	0.07	10.69	2.093	0.875	0.005
199000	365	500	0.01	0.974	0.07	10.74	2.092	0.877	0.005
200000	361	500	0.01	0.975	0.08	10.79	2.1	0.87	0.023
201000	360	500	0.011	0.973	0.08	10.84	2.096	0.871	0.008
202000	352	500	0.01	0.976	0.08	10.90	2.097	0.874	0.000
203000	364	500	0.011	0.974	0.08	10.94	2.092	0.876	0.004
204000	363	500	0.011	0.974	0.08	11.00	2.093	0.875	0.014
205000	360	500	0.011	0.974	0.08	11.05	2.096	0.872	0.006
206000	366	500	0.01	0.974	0.08	11.10	2.087	0.882	0.004
207000	363	500	0.011	0.974	0.08	11.15	2.098	0.87	0.012
208000	356	500	0.011	0.974	0.08	11.20	2.096	0.872	0.004
209000	354	500	0.01	0.975	0.08	11.25	2.099	0.871	0.006
210000	359	500	0.01	0.975	0.08	11.30	2.093	0.877	0.005
211000	358	500	0.011	0.974	0.08	11.35	2.092	0.876	0.015
212000	356	500	0.011	0.974	0.08	11.39	2.095	0.873	0.006
213000	359	500	0.011	0.973	0.08	11.44	2.089	0.878	0.000
214000	364	500	0.01	0.974	0.08	11.49	2.096	0.873	0.000
215000	369	500	0.01	0.975	0.08	11.54	2.1	0.869	0.008
216000	365	500	0.011	0.974	0.08	11.59	2.096	0.872	0.014
217000	356	500	0.01	0.976	0.08	11.64	2.098	0.873	0.006
218000	362	500	0.011	0.974	0.08	11.69	2.089	0.879	0.029
219000	363	500	0.011	0.973	0.08	11.75	2.093	0.873	0.011
220000	358	500	0.011	0.972	0.08	11.80	2.094	0.874	0.018
221000	365	500	0.01	0.974	0.09	11.85	2.091	0.878	0.005
222000	362	500	0.01	0.975	0.09	11.89	2.099	0.87	0.004
223000	362	500	0.011	0.973	0.08	11.95	2.094	0.872	0.008
224000	358	500	0.01	0.975	0.08	12.00	2.101	0.868	0.001
225000	361	500	0.01	0.975	0.08	12.04	2.088	0.883	0.023
226000	354	500	0.009	0.974	0.07	12.09	2.096	0.877	0.009
227000	361	500	0.009	0.974	0.07	12.14	2.093	0.881	0.005
228000	367	500	0.009	0.974	0.07	12.18	2.089	0.885	0.000
229000	367	500	0.009	0.974	0.07	12.22	2.096	0.878	0.000
230000	370	500	0.009	0.974	0.07	12.27	2.098	0.876	0.000
231000	366	500	0.009	0.975	0.07	12.32	2.098	0.876	0.024
232000	368	500	0.009	0.972	0.07	12.36	2.095	0.877	0.021
233000	373	500	0.011	0.968	0.08	12.41	2.087	0.881	0.000
234000	367	500	0.01	0.969	0.08	12.45	2.094	0.875	0.004
235000	365	500	0.01	0.971	0.08	12.50	2.088	0.883	0.000
236000	365	500	0.011	0.967	0.08	12.54	2.087	0.88	0.004
237000	366	500	0.011	0.967	0.08	12.59	2.101	0.866	0.011
238000	375	500	0.011	0.966	0.08	12.64	2.093	0.873	0.005
239000	371	500	0.009	0.974	0.08	12.70	2.096	0.878	0.000
240000	376	500	0.009	0.974	0.08	12.75	2.088	0.886	0.010
241000	384	500	0.01	0.97	0.07	12.80	2.097	0.873	0.000
242000	371	500	0.009	0.973	0.08	12.85	2.092	0.881	0.009
243000	377	500	0.009	0.973	0.08	12.89	2.087	0.886	0.000
244000	374	500	0.009	0.973	0.08	12.94	2.097	0.876	0.006
245000	367	500	0.009	0.974	0.07	12.99	2.099	0.875	0.011
246000	365	500	0.008	0.975	0.07	13.04	2.098	0.877	0.000
247000	370	500	0.008	0.975	0.07	13.09	2.095	0.88	0.000
248000	363	500	0.009	0.974	0.07	13.14	2.091	0.883	0.014
249000	369	500	0.009	0.974	0.07	13.19	2.093	0.881	0.005
250000	370	500	0.01	0.971	0.07	13.23	2.09	0.881	0.007
251000	364	500	0.01	0.971	0.08	13.28	2.09	0.881	0.006
252000	362	500	0.009	0.972	0.07	13.32	2.098	0.874	0.006
253000	358	500	0.01	0.97	0.07	13.37	2.092	0.878	0.008
254000	359	500	0.008	0.976	0.07	13.41	2.097	0.879	0.000
255000	360	500	0.009	0.974	0.07	13.46	2.092	0.882	0.006
256000	364	500	0.009	0.973	0.07	13.50	2.092	0.881	0.015
257000	363	500	0.009	0.974	0.08	13.55	2.095	0.879	0.004
258000	358	500	0.009	0.974	0.08	13.60	2.088	0.886	0.000
259000	363	500	0.009	0.974	0.08	13.66	2.099	0.875	0.004
260000	365	500	0.009	0.974	0.08	13.71	2.095	0.879	0.013
261000	361	500	0.009	0.974	0.08	13.76	2.099	0.875	0.000
262000	354	500	0.008	0.975	0.07	13.81	2.091	0.884	0.012
263000	346	500	0.009	0.974	0.07	13.85	2.093	0.881	0.000
264000	351	500	0.01	0.971	0.07	13.90	2.09	0.881	0.000
265000	357	500	0.009	0.973	0.07	13.96	2.085	0.887	0.000
266000	355	500	0.009	0.974	0.07	14.01	2.094	0.88	0.000
267000	352	500	0.008	0.976	0.08	14.05	2.098	0.878	0.000
268000	353	500	0.008	0.975	0.08	14.10	2.092	0.883	0.000
269000	349	500	0.008	0.975	0.08	14.15	2.094	0.881	0.009
270000	349	500	0.009	0.974	0.07	14.20	2.087	0.887	0.000
271000	354	500	0.01	0.969	0.07	14.24	2.09	0.879	0.000
272000	348	500	0.01	0.97	0.07	14.29	2.087	0.883	0.004
273000	352	500	0.009	0.974	0.07	14.34	2.085	0.888	0.020
274000	361	500	0.009	0.975	0.07	14.39	2.092	0.881	0.002
275000	359	500	0.009	0.973	0.07	14.45	2.089	0.884	0.019
276000	369	500	0.008	0.975	0.07	14.50	2.094	0.881	0.000
277000	368	500	0.009	0.974	0.07	14.56	2.086	0.888	0.013
278000	369	500	0.009	0.973	0.07	14.61	2.095	0.878	0.000
279000	367	500	0.009	0.974	0.07	14.65	2.088	0.886	0.004
280000	362	500	0.009	0.974	0.07	14.70	2.085	0.889	0.000
281000	359	500	0.009	0.973	0.07	14.75	2.094	0.879	0.004
282000	367	500	0.009	0.973	0.07	14.80	2.094	0.879	0.000
283000	369	500	0.008	0.975	0.07	14.86	2.092	0.883	0.000
284000	374	500	0.01	0.971	0.07	14.91	2.09	0.881	0.000
285000	366	500	0.011	0.968	0.07	14.96	2.086	0.88	0.008
286000	365	500	0.011	0.968	0.07	15.01	2.089	0.879	0.012
287000	362	500	0.008	0.975	0.07	15.07	2.085	0.89	0.007
288000	361	500	0.009	0.974	0.07	15.13	2.084	0.89	0.005
289000	367	500	0.009	0.974	0.07	15.18	2.097	0.877	0.000
290000	360	500	0.009	0.972	0.07	15.23	2.092	0.88	0.000
291000	362	500	0.008	0.975	0.07	15.28	2.094	0.881	0.004
292000	372	500	0.008	0.975	0.07	15.33	2.086	0.889	0.004
293000	364	500	0.01	0.973	0.07	15.38	2.094	0.875	0.009
294000	368	500	0.009	0.977	0.07	15.44	2.088	0.884	0.000
295000	370	500	0.008	0.978	0.07	15.49	2.088	0.887	0.000
296000	373	500	0.009	0.976	0.07	15.54	2.093	0.879	0.005
297000	370	500	0.009	0.975	0.06	15.59	2.095	0.877	0.004
298000	374	500	0.01	0.975	0.06	15.64	2.093	0.876	0.000
299000	373	500	0.009	0.976	0.07	15.69	2.091	0.881	0.000
300000	370	500	0.011	0.974	0.07	15.74	2.085	0.883	0.000
301000	373	500	0.011	0.974	0.07	15.78	2.087	0.881	0.004
302000	366	500	0.011	0.973	0.07	15.83	2.086	0.881	0.000
303000	361	500	0.011	0.972	0.07	15.88	2.09	0.877	0.004
304000	358	500	0.01	0.974	0.07	15.93	2.097	0.872	0.006
305000	365	500	0.011	0.974	0.07	15.98	2.092	0.876	0.000
306000	369	500	0.009	0.975	0.07	16.02	2.093	0.88	0.000
307000	364	500	0.009	0.975	0.07	16.06	2.09	0.882	0.005
308000	360	500	0.011	0.974	0.07	16.10	2.09	0.878	0.000
309000	357	500	0.011	0.974	0.07	16.14	2.093	0.875	0.004
310000	367	500	0.01	0.974	0.07	16.19	2.085	0.884	0.012
311000	374	500	0.011	0.974	0.07	16.25	2.097	0.871	0.006
312000	376	500	0.011	0.973	0.07	16.30	2.091	0.876	0.000
313000	367	500	0.01	0.975	0.07	16.35	2.097	0.873	0.009
314000	362	500	0.01	0.976	0.07	16.40	2.089	0.882	0.008
315000	359	500	0.01	0.975	0.07	16.45	2.09	0.879	0.004
316000	362	500	0.011	0.974	0.07	16.50	2.091	0.877	0.010
317000	368	500	0.011	0.973	0.08	16.55	2.087	0.881	0.009
318000	363	500	0.01	0.974	0.08	16.59	2.094	0.875	0.009
319000	367	500	0.011	0.973	0.08	16.64	2.094	0.872	0.024
320000	362	500	0.01	0.975	0.07	16.69	2.093	0.878	0.005
321000	357	500	0.009	0.975	0.07	16.74	2.094	0.88	0.006
322000	350	500	0.009	0.975	0.07	16.78	2.088	0.886	0.000
323000	349	500	0.009	0.974	0.07	16.82	2.09	0.884	0.009
324000	357	500	0.009	0.973	0.07	16.88	2.09	0.883	0.016
325000	359	500	0.009	0.974	0.07	16.93	2.089	0.885	0.004
326000	361	500	0.009	0.974	0.07	16.97	2.098	0.875	0.009
327000	354	500	0.009	0.973	0.06	17.02	2.092	0.88	0.005
328000	359	500	0.008	0.977	0.07	17.06	2.098	0.879	0.006
329000	356	500	0.008	0.975	0.06	17.11	2.085	0.89	0.000
330000	359	500	0.009	0.974	0.06	17.16	2.095	0.879	0.000
331000	360	500	0.009	0.974	0.07	17.20	2.088	0.886	0.004
332000	359	500	0.009	0.974	0.06	17.24	2.086	0.888	0.004
333000	365	500	0.01	0.974	0.06	17.30	2.094	0.877	0.014
334000	358	500	0.01	0.973	0.06	17.35	2.094	0.876	0.009
335000	358	500	0.01	0.975	0.06	17.40	2.096	0.873	0.006
336000	354	500	0.009	0.976	0.06	17.44	2.093	0.879	0.005
337000	351	500	0.01	0.974	0.06	17.49	2.088	0.881	0.016
338000	356	500	0.009	0.974	0.06	17.55	2.091	0.881	0.016
339000	348	500	0.009	0.976	0.06	17.60	2.092	0.88	0.004
340000	349	500	0.008	0.975	0.06	17.64	2.088	0.887	0.000
341000	348	500	0.008	0.975	0.06	17.68	2.1	0.875	0.009
342000	348	500	0.009	0.973	0.07	17.72	2.094	0.879	0.004
343000	349	500	0.007	0.979	0.07	17.77	2.097	0.881	0.000
344000	346	500	0.008	0.977	0.07	17.82	2.087	0.89	0.006
345000	348	500	0.009	0.976	0.07	17.87	2.096	0.878	0.028
346000	347	500	0.009	0.974	0.08	17.92	2.089	0.885	0.000
347000	349	500	0.009	0.975	0.07	17.97	2.085	0.888	0.008
348000	354	500	0.008	0.977	0.07	18.02	2.098	0.879	0.005
349000	354	500	0.008	0.976	0.07	18.07	2.099	0.877	0.004
350000	363	500	0.007	0.978	0.08	18.12	2.097	0.881	0.014
351000	367	500	0.008	0.978	0.08	18.18	2.095	0.882	0.012
352000	366	500	0.008	0.977	0.07	18.24	2.091	0.886	0.000
353000	363	500	0.009	0.976	0.07	18.29	2.091	0.883	0.013
354000	364	500	0.009	0.973	0.07	18.34	2.089	0.884	0.006
355000	359	500	0.009	0.974	0.07	18.39	2.091	0.883	0.005
356000	361	500	0.007	0.978	0.07	18.44	2.099	0.879	0.005
357000	367	500	0.007	0.979	0.07	18.49	2.092	0.886	0.009
358000	367	500	0.008	0.977	0.07	18.54	2.094	0.883	0.000
359000	367	500	0.007	0.978	0.07	18.58	2.089	0.889	0.008
360000	368	500	0.008	0.977	0.07	18.63	2.091	0.886	0.004
361000	371	500	0.007	0.978	0.07	18.68	2.094	0.884	0.006
362000	366	500	0.007	0.98	0.07	18.73	2.087	0.892	0.000
363000	370	500	0.007	0.98	0.07	18.78	2.1	0.88	0.017
364000	373	500	0.008	0.977	0.07	18.83	2.091	0.885	0.000
365000	372	500	0.007	0.98	0.08	18.88	2.101	0.879	0.013
366000	375	500	0.006	0.981	0.08	18.93	2.09	0.891	0.006
367000	370	500	0.007	0.98	0.08	18.97	2.094	0.886	0.011
368000	360	500	0.007	0.978	0.09	19.03	2.091	0.887	0.019
369000	361	500	0.007	0.979	0.08	19.07	2.09	0.889	0.000
370000	357	500	0.007	0.98	0.09	19.11	2.097	0.883	0.017
371000	362	500	0.007	0.979	0.08	19.16	2.098	0.881	0.009
372000	352	500	0.007	0.978	0.07	19.21	2.094	0.884	0.015
373000	357	500	0.006	0.981	0.08	19.25	2.097	0.884	0.000
374000	357	500	0.007	0.98	0.08	19.30	2.089	0.891	0.009
375000	357	500	0.007	0.98	0.08	19.35	2.094	0.886	0.005
376000	358	500	0.007	0.978	0.08	19.40	2.093	0.885	0.004
377000	354	500	0.007	0.98	0.08	19.44	2.092	0.888	0.006
378000	362	500	0.007	0.978	0.08	19.48	2.098	0.88	0.004
379000	353	500	0.008	0.979	0.07	19.53	2.096	0.881	0.010
380000	344	500	0.008	0.978	0.07	19.57	2.096	0.879	0.005
381000	354	500	0.008	0.978	0.07	19.62	2.085	0.89	0.004
382000	348	500	0.009	0.977	0.06	19.66	2.095	0.879	0.000
383000	343	500	0.008	0.98	0.06	19.70	2.091	0.886	0.000
384000	345	500	0.007	0.98	0.06	19.74	2.089	0.889	0.005
385000	349	500	0.009	0.98	0.07	19.79	2.098	0.876	0.012
386000	351	500	0.009	0.978	0.07	19.83	2.096	0.876	0.000
387000	355	500	0.009	0.98	0.07	19.88	2.098	0.876	0.018
388000	353	500	0.008	0.981	0.07	19.93	2.097	0.879	0.010
389000	348	500	0.009	0.98	0.07	19.97	2.09	0.884	0.014
390000	346	500	0.009	0.979	0.07	20.01	2.093	0.88	0.004
391000	346	500	0.008	0.979	0.07	20.06	2.092	0.885	0.006
392000	343	500	0.007	0.98	0.07	20.10	2.091	0.889	0.010
393000	342	500	0.007	0.978	0.07	20.14	2.1	0.878	0.000
394000	344	500	0.008	0.977	0.07	20.18	2.094	0.883	0.021
395000	350	500	0.007	0.978	0.08	20.24	2.095	0.883	0.013
396000	351	500	0.008	0.978	0.07	20.29	2.084	0.893	0.000
397000	357	500	0.008	0.977	0.07	20.33	2.094	0.883	0.010
398000	361	500	0.007	0.978	0.08	20.38	2.092	0.886	0.006
399000	367	500	0.007	0.98	0.08	20.43	2.088	0.892	0.022
400000	367	500	0.007	0.978	0.08	20.47	2.095	0.883	0.014
