att1	att2	Phenotype	Fitness	Accuracy	Numerosity	AveMatchSetSize	TimeStampGA	InitTimeStamp	Specificity	DeletionProb	CorrectCount	MatchCount
-1.023;-0.282	#	011001000100001	0.253	0.759	1	196.02	399698	318241	0.50		1286	28418
#	-0.878;0.723	011100100111001	0.146	0.681	4	194.82	399891	345250	0.50		549	52716
0.270;1.769	#	001000101000000	0.295	0.783	6	188.14	399997	353555	0.50		465	11428
-0.067;0.804	0.278;1.322	001000000100001	0.319	0.796	3	184.40	399978	371319	1.00		123	3405
-1.040;-0.040	0.124;1.325	001000010000001	0.113	0.647	3	209.14	399898	373450	1.00		493	6608
#	-1.028;-0.544	000000000100100	0.354	0.813	2	162.92	399893	375101	0.50		287	2711
#	0.575;1.403	001000000000000	0.439	0.848	2	167.35	399982	376993	0.50		262	1811
#	0.398;0.882	001000010100001	0.302	0.787	4	182.63	399831	377975	0.50		221	4027
-0.595;0.387	#	001000000100011	0.109	0.642	4	209.80	399949	378800	0.50		184	15131
-1.801;0.327	-0.302;0.996	011101010110001	0.178	0.708	3	210.12	399986	379958	1.00		256	11598
-0.170;0.293	-0.927;0.487	111000100110001	0.569	0.893	1	208.66	399945	380088	1.00		1222	5296
-0.963;0.223	-1.250;-0.204	100000000100100	0.226	0.743	1	191.85	399915	380343	1.00		84	4584
-0.005;0.496	-1.019;-0.534	000000000100000	0.257	0.762	2	180.86	399858	380985	1.00		55	759
#	-0.440;0.897	111000100111001	0.231	0.746	6	197.83	399969	381029	0.50		299	15871
-1.061;-0.024	-0.465;0.716	011101000110001	0.264	0.766	4	212.39	399990	382667	1.00		295	8306
-1.408;1.026	#	100000100110100	0.142	0.676	1	193.89	399895	383268	0.50		261	16731
#	0.193;1.200	001000000000011	0.108	0.640	1	195.39	399624	384055	0.50		69	6169
-0.081;1.544	-1.291;0.054	101010100110001	0.435	0.847	4	195.45	399989	384091	1.00		434	3936
-0.081;1.544	-1.783;0.054	101010100110001	0.435	0.846	2	195.45	399989	384199	1.00		432	3908
#	-0.055;1.243	011000010100001	0.163	0.696	3	200.00	399959	384348	0.50		202	8972
#	-0.049;0.838	000000001000000	0.044	0.536	3	202.01	399927	385363	0.50		187	8145
-1.306;-0.120	#	001000000100101	0.167	0.699	1	203.43	399905	386624	0.50		95	6698
-1.095;-0.484	-0.662;0.995	001001010000001	0.258	0.762	1	194.95	399763	387181	1.00		18	2333
#	-1.163;-0.213	100000100100100	0.270	0.770	3	189.79	399532	387454	0.50		71	3821
-0.937;0.100	-0.831;-0.080	101000100110101	0.408	0.836	1	211.49	399968	387571	1.00		428	3136
0.161;3.901	-1.212;0.657	101000101110000	0.496	0.869	2	191.19	399971	387713	1.00		578	3618
-0.660;0.266	-0.865;0.219	101001100110101	0.340	0.806	2	213.27	399841	387958	1.00		119	5062
0.259;1.427	-1.077;0.085	000000100000000	0.182	0.711	2	191.43	399855	387972	1.00		18	1621
-0.900;-0.196	-1.103;0.233	001000000110101	0.244	0.754	1	203.46	399985	387996	1.00		88	3287
0.161;3.901	#	101000101110000	0.471	0.860	1	190.18	399971	388199	0.50		558	3632
-0.381;0.924	-0.905;0.149	100010100110000	0.243	0.754	2	203.74	399911	388455	1.00		231	4905
0.204;1.572	-2.145;0.657	101000101110000	0.504	0.872	1	190.70	399971	388610	1.00		534	3067
-0.818;-0.151	#	011001000110101	0.229	0.745	3	211.25	399962	388974	0.50		95	5063
-0.638;0.984	0.111;0.750	111100100111011	0.164	0.697	1	201.34	399682	389197	1.00		15	4188
-0.007;1.234	#	101000100100000	0.386	0.826	6	191.61	399957	389239	0.50		63	4434
-0.900;-0.196	#	001000000110101	0.196	0.722	1	201.52	399985	389245	0.50		79	4586
#	-0.697;0.737	111100100110001	0.260	0.764	1	196.72	399947	389905	0.50		117	9402
0.157;0.787	-0.990;0.328	101000100110000	0.557	0.890	3	198.40	399930	390020	1.00		102	2257
#	-0.905;0.149	100010100110000	0.164	0.697	2	196.79	399911	390058	0.50		198	5754
-1.276;-0.313	#	001000000000101	0.161	0.694	1	195.32	399932	390146	0.50		15	3171
-0.529;0.657	-0.927;0.487	111000100110001	0.420	0.841	1	208.49	399945	390159	1.00		604	6856
-0.658;0.162	-0.782;0.187	111000100110101	0.409	0.836	3	219.98	399950	390407	1.00		191	3424
#	0.379;0.902	001000000100000	0.248	0.756	1	188.72	399543	390456	0.50		28	1964
-0.529;0.657	#	111000100110001	0.382	0.825	1	205.17	399945	391069	0.50		551	7015
-0.328;0.191	-1.028;-0.544	000000000100100	0.341	0.806	1	183.41	399663	391275	1.00		36	355
#	-0.697;0.803	001001010100001	0.104	0.636	1	196.72	399876	391488	0.50		12	8059
-0.565;0.397	-0.291;0.716	111101100111001	0.297	0.784	4	222.16	399918	392080	1.00		183	3849
#	-1.286;0.031	000000000110100	0.151	0.686	3	195.03	399792	392103	0.50		12	3949
0.157;0.787	#	101000100110000	0.513	0.875	1	192.44	399930	392117	0.50		80	2280
-1.184;0.039	-0.354;0.498	011101000100001	0.235	0.749	3	216.30	399862	392173	1.00		88	3274
0.439;1.072	#	101000101110000	0.508	0.873	2	175.76	399971	392336	0.50		317	1095
-0.487;-0.024	0.043;0.953	011000100100001	0.250	0.758	2	221.91	399517	392391	1.00		33	1479
-0.894;-0.356	-0.649;0.455	011101000100101	0.273	0.771	1	200.75	399435	392445	1.00		11	1706
#	-0.762;0.994	101000100110001	0.315	0.794	1	195.64	399973	392471	0.50		298	7387
-1.270;-0.566	-2.151;-0.115	000000000000100	0.395	0.830	2	162.78	399984	392671	1.00		75	379
-0.887;-0.165	#	011100010110001	0.159	0.692	4	203.77	399946	392677	0.50		32	3388
-0.081;1.544	-1.783;0.401	101010100110001	0.387	0.827	1	193.81	399989	392930	1.00		194	2692
-1.061;-0.024	#	011101000110001	0.202	0.726	1	203.76	399990	393000	0.50		120	4033
-1.061;-0.152	-0.378;0.552	111101100110001	0.359	0.815	1	215.15	399939	393325	1.00		374	2276
-1.013;0.339	0.262;0.940	001000110100001	0.227	0.743	3	201.66	399725	393434	1.00		10	1664
#	-1.213;0.031	000000000110100	0.151	0.686	1	195.03	399792	393501	0.50		9	3250
-1.964;-0.021	0.234;0.654	011101010100001	0.223	0.741	2	207.82	399992	393551	1.00		29	1168
-0.463;0.407	-0.831;-0.080	101000100110101	0.509	0.874	1	209.85	399968	393613	1.00		222	1694
-0.516;0.559	-1.143;-0.078	100000100110000	0.321	0.797	1	206.88	399363	393771	1.00		8	1978
-1.288;0.083	-0.284;1.130	011100010100001	0.179	0.709	1	211.02	399503	393797	1.00		18	2942
#	-1.250;-0.204	100000000100100	0.216	0.736	1	191.43	399915	393798	0.50		26	1945
-0.534;0.726	-0.165;1.094	011000100110011	0.228	0.744	3	208.62	399684	393886	1.00		27	3249
-1.021;0.321	-0.455;0.398	111101100110001	0.370	0.820	2	210.13	399939	393933	1.00		337	3070
-0.451;0.142	-1.038;-0.108	101000100110100	0.481	0.864	2	221.01	399937	393977	1.00		69	1017
-1.209;0.125	-0.629;-0.009	001001000110101	0.283	0.777	3	209.95	399812	394040	1.00		36	1560
-0.712;0.103	-0.958;0.272	111001100110101	0.361	0.815	1	223.14	399958	394045	1.00		240	2413
-0.170;1.466	#	001000101110001	0.284	0.777	1	194.11	399662	394070	0.50		16	3219
#	-0.782;0.187	111000100110101	0.304	0.788	2	201.06	399950	394114	0.50		117	3488
#	-2.151;-0.716	000000000000100	0.633	0.913	1	147.24	399984	394174	0.50		67	192
-0.054;0.894	-0.494;0.994	101000100110001	0.491	0.867	1	194.08	399973	394199	1.00		234	2174
-0.752;0.281	0.034;1.158	011000100100011	0.207	0.730	1	211.30	399892	394215	1.00		100	2057
-1.021;-0.152	-0.378;0.398	111101100110001	0.406	0.835	4	216.28	399939	394217	1.00		322	1698
-0.818;-0.151	-0.860;-0.123	011001000110101	0.297	0.784	1	210.82	399962	394258	1.00		41	970
-1.408;0.339	-1.193;-0.012	100000100110100	0.254	0.760	2	195.94	399895	394303	1.00		88	2155
-1.115;-0.281	#	011001000100101	0.244	0.754	2	196.02	399938	394362	0.50		96	1966
-1.309;0.025	0.318;0.851	011001010100001	0.208	0.730	1	204.38	394449	394449	1.00		0	912
0.068;0.726	-0.165;1.094	011000100110011	0.209	0.731	1	198.25	399618	394585	1.00		15	1143
0.272;1.072	-0.159;0.423	101000101110000	0.650	0.917	1	195.15	399971	394660	1.00		219	727
-1.023;0.448	#	011001000100001	0.166	0.698	1	199.74	399698	394678	0.50		80	4595
#	-1.924;-0.544	000000000100100	0.355	0.813	1	162.92	399893	394706	0.50		61	577
-0.381;0.924	-1.033;-0.297	100010100110000	0.384	0.826	2	195.31	399911	394714	1.00		107	985
-0.558;0.054	-0.151;1.108	011000100101001	0.214	0.735	2	221.18	399833	394735	1.00		22	1658
#	0.372;1.564	011000100100011	0.268	0.768	1	188.38	399892	394740	0.50		92	1125
-0.518;0.724	-0.281;0.796	101000101110001	0.305	0.789	1	211.76	399988	394754	1.00		238	2988
#	-0.926;0.303	101010100110000	0.204	0.727	2	201.55	399974	394883	0.50		80	3653
-0.752;0.403	0.034;1.136	011000100100011	0.204	0.728	1	210.36	399892	394914	1.00		88	2019
-0.614;1.601	-0.802;0.737	111100100110001	0.284	0.777	1	201.18	399947	395015	1.00		57	4339
-0.375;0.528	-0.782;0.381	111000100110101	0.390	0.829	1	209.37	399950	395057	1.00		100	2419
-0.814;0.539	0.575;1.403	001000000000000	0.425	0.843	1	167.76	399982	395089	1.00		49	350
#	-0.413;0.243	101000101110001	0.286	0.778	1	209.74	399988	395095	0.50		163	2322
0.562;1.192	-0.049;0.838	000000001000000	0.403	0.834	1	168.40	399927	395282	1.00		60	271
-0.472;0.293	-0.927;0.487	111000100110001	0.475	0.862	2	214.42	399945	395314	1.00		288	2328
-1.801;0.327	#	011101010110001	0.119	0.653	1	198.81	399986	395336	0.50		58	3672
0.093;0.816	-0.926;0.303	101010100110000	0.462	0.857	3	198.20	399974	395363	1.00		63	1178
-1.183;0.293	#	111000100110001	0.312	0.792	1	198.80	399945	395364	0.50		284	3537
-1.173;-0.525	0.237;1.303	000000000000001	0.247	0.756	1	170.85	399588	395394	1.00		18	275
#	-1.212;0.657	101000101110000	0.191	0.718	1	195.25	399971	395402	0.50		215	4396
-1.063;-0.192	-1.028;-0.544	000000000100100	0.564	0.892	2	160.93	399893	395433	1.00		39	203
-0.614;0.386	-0.697;-0.068	111100100110001	0.280	0.775	1	209.95	395452	395452	1.00		0	1298
0.270;1.769	-0.177;0.579	001000101000000	0.361	0.816	1	193.78	399997	395495	1.00		45	690
-0.681;0.075	-0.958;0.208	111001100110101	0.378	0.823	1	224.12	399958	395529	1.00		178	1498
-0.746;0.477	-0.293;0.385	111100100110001	0.415	0.839	1	218.21	399947	395545	1.00		52	1988
#	-0.378;0.552	111101100110001	0.273	0.772	1	200.79	399939	395580	0.50		245	3138
-1.306;-0.120	-0.935;0.208	001000000100101	0.206	0.729	1	207.41	399905	395711	1.00		30	1337
-0.725;3.901	-1.212;0.657	101000101110000	0.207	0.730	1	197.88	399971	395918	1.00		194	3704
-0.533;1.480	-1.629;0.892	100000100110100	0.172	0.703	1	199.85	399895	395945	1.00		62	3389
-1.040;-0.040	0.193;1.297	001000010000001	0.122	0.657	1	205.54	399898	395947	1.00		75	882
-0.937;0.100	-1.542;-0.080	101000100110101	0.386	0.827	2	202.40	399968	395998	1.00		139	1057
#	0.036;0.459	111101110110001	0.219	0.738	3	205.65	399882	396010	0.50		59	1431
0.242;0.787	-0.990;0.328	101000100110000	0.548	0.887	1	199.06	399930	396019	1.00		39	742
-0.373;1.016	#	100010100100000	0.136	0.671	3	196.99	399955	396026	0.50		24	2876
-1.036;-0.109	0.193;1.325	001000010000001	0.131	0.666	1	205.91	399898	396099	1.00		72	779
-0.582;0.075	-0.958;0.208	111001100110101	0.411	0.837	1	225.52	399958	396142	1.00		156	1175
#	-2.151;-0.115	000000000000100	0.100	0.631	1	197.28	399984	396166	0.50		61	1455
-0.293;0.281	0.372;1.564	011000100100011	0.356	0.813	1	198.00	399892	396312	1.00		64	388
#	-0.074;0.753	111100100111001	0.210	0.732	3	202.33	399991	396321	0.50		125	2081
-1.629;-0.073	-0.055;0.895	011000010100001	0.201	0.726	1	213.18	399959	396464	1.00		46	1090
#	0.234;0.654	011101010100001	0.123	0.658	1	197.32	399992	396497	0.50		15	1072
0.161;1.072	-0.454;0.399	101000101110000	0.596	0.902	1	195.53	399971	396520	1.00		159	722
-0.457;0.506	-0.111;1.090	011000100101011	0.151	0.685	1	207.17	399356	396560	1.00		10	1436
0.426;1.223	0.209;1.003	000000100000000	0.279	0.774	2	172.56	399648	396584	1.00		9	185
-0.595;0.387	0.123;1.188	001000000100011	0.128	0.663	1	210.46	399949	396634	1.00		29	1024
-0.586;0.711	0.193;1.200	001000000000011	0.092	0.620	1	203.56	399624	396637	1.00		14	1089
-0.487;-0.024	0.783;0.953	011000100100001	0.212	0.733	1	154.00	396640	396640	1.00		0	19
0.132;2.233	#	101000101100000	0.406	0.835	2	190.16	399996	396656	0.50		102	1101
0.185;1.149	-0.464;1.266	101000101100000	0.463	0.857	1	192.23	399996	396656	1.00		102	817
#	0.034;1.564	011000100100011	0.181	0.711	1	200.69	399892	396657	0.50		58	1659
-0.038;0.724	-0.137;0.754	101000101110001	0.496	0.869	2	204.73	399960	396662	1.00		145	828
-0.937;0.100	#	101000100110101	0.222	0.740	3	203.49	399968	396697	0.50		115	2160
0.232;0.770	-0.068;1.016	001000100100000	0.363	0.817	1	198.83	399869	396700	1.00		10	478
-1.061;-0.152	#	111101100110001	0.221	0.740	1	205.99	399939	396776	0.50		180	1545
0.204;1.072	#	101000101110000	0.473	0.861	1	189.67	399971	396800	0.50		149	899
-0.558;0.054	0.034;0.925	011000100101001	0.230	0.745	1	219.54	399833	396804	1.00		14	788
-1.270;-0.566	#	000000000000100	0.185	0.714	3	166.45	399984	396805	0.50		34	420
-0.998;0.058	#	101000100110100	0.154	0.688	1	203.65	399937	396815	0.50		42	1980
-0.553;0.744	0.193;1.200	001000000000011	0.089	0.617	1	203.66	399624	396828	1.00		12	1018
-0.534;0.726	#	011000100110011	0.198	0.724	2	204.52	399684	396888	0.50		12	2528
#	-0.142;0.342	011001000100001	0.167	0.699	1	211.64	399698	396902	0.50		44	1228
0.259;1.427	#	000000100000000	0.194	0.720	1	189.70	399855	397059	0.50		12	749
1.179;3.901	#	101000101110000	0.047	0.860	1	180.31	397089	397089	0.50		0	0
-0.937;-0.613	-1.542;-0.080	101000100110101	0.137	0.672	1	159.39	397108	397108	1.00		0	136
-1.399;-0.157	#	001001000000001	0.135	0.670	1	204.12	399935	397139	0.50		5	1340
-0.746;1.112	#	111100100110001	0.251	0.759	1	196.36	399947	397151	0.50		32	2735
-1.408;1.026	-1.193;-0.012	100000100110100	0.262	0.765	2	194.35	399895	397218	1.00		43	1285
-1.040;-0.040	0.124;0.364	001000010000001	0.049	0.547	1	222.60	397249	397249	1.00		0	331
0.397;0.983	-0.377;0.866	101000101110001	0.400	0.833	1	182.72	399960	397265	1.00		19	385
-0.054;0.894	#	101000100110001	0.464	0.858	1	192.86	399973	397285	0.50		107	1189
#	-0.159;0.423	101000101110000	0.199	0.724	1	201.06	399971	397286	0.50		113	1326
#	-0.990;0.149	100010100110000	0.162	0.695	1	196.79	399911	397298	0.50		54	1582
-0.787;0.214	-0.455;0.398	111101100110001	0.411	0.837	1	217.95	399939	397309	1.00		151	1215
-1.040;-0.040	#	001000010000001	0.084	0.610	1	203.35	399898	397345	0.50		49	1497
-1.081;0.142	-1.038;-0.108	101000100110100	0.343	0.807	2	202.06	399937	397363	1.00		35	671
-0.681;0.103	-0.958;0.272	111001100110101	0.367	0.818	1	224.08	399958	397376	1.00		107	1033
-0.712;0.075	-0.698;0.445	111001100110101	0.356	0.813	1	218.54	399958	397376	1.00		107	1216
#	0.303;1.155	001000010000001	0.167	0.699	1	186.46	399898	397383	0.50		48	730
#	-0.675;1.883	101000101100000	0.157	0.690	3	195.68	399996	397418	0.50		80	2448
-0.375;0.704	-0.782;0.187	111000100110101	0.377	0.823	1	206.80	399950	397490	1.00		48	1051
#	0.459;0.721	111101110110001	0.072	0.591	1	185.17	397495	397495	0.50		0	270
#	0.193;1.019	001000000000011	0.107	0.639	1	195.39	399624	397527	0.50		9	956
0.391;0.892	-0.675;1.883	101000101100000	0.562	0.891	1	183.48	399996	397528	1.00		74	383
#	-0.055;1.554	011000010100001	0.162	0.695	1	200.00	399959	397556	0.50		32	1390
-0.660;0.139	-0.865;0.219	101001100110101	0.345	0.808	1	222.54	399841	397574	1.00		24	879
0.313;1.332	-0.289;0.293	000000101000000	0.245	0.755	2	200.83	399979	397589	1.00		8	271
-0.614;1.601	-0.802;0.385	111100100110001	0.300	0.786	2	202.09	399947	397594	1.00		29	1739
-0.293;0.281	0.034;1.158	011000100100011	0.239	0.751	1	213.41	399892	397624	1.00		42	502
#	-0.440;0.733	111000100111001	0.241	0.752	1	199.20	399969	397625	0.50		38	1926
#	0.262;0.940	001000110100001	0.224	0.742	1	191.36	399725	397628	0.50		3	748
-1.021;-0.152	-0.378;0.708	111101100110001	0.329	0.800	1	214.95	399939	397677	1.00		128	843
0.093;0.816	-0.926;-0.427	101010100110000	0.611	0.906	2	178.99	399974	397679	1.00		29	165
-0.067;0.804	#	001000000100001	0.222	0.740	1	194.33	399978	397686	0.50		10	994
#	-0.958;0.272	111001100110101	0.242	0.753	2	199.14	399958	397739	0.50		90	1571
-0.243;0.887	#	001000100110001	0.331	0.802	1	196.78	399940	397746	0.50		8	1358
-0.182;0.724	-0.306;1.356	101000101110001	0.412	0.837	1	204.56	399988	397749	1.00		103	901
-1.036;-0.109	0.303;1.155	001000010000001	0.179	0.709	1	198.50	399898	397762	1.00		41	328
-1.184;0.039	-0.354;0.416	011101000100001	0.239	0.751	1	216.39	399862	397765	1.00		24	857
-1.964;-0.021	#	011101010100001	0.128	0.663	1	203.76	399992	397799	0.50		10	1269
-0.378;0.438	-0.440;0.897	111000100111001	0.381	0.824	1	212.59	399969	397805	1.00		35	1062
#	-0.932;0.555	101000100110001	0.321	0.797	1	195.36	399973	397876	0.50		85	1929
-0.182;0.724	#	101000101110001	0.377	0.823	1	200.27	399988	397920	0.50		95	1092
#	-0.306;1.024	101000101110001	0.231	0.746	1	198.11	399988	397920	0.50		95	1575
-1.022;-0.262	-0.282;0.803	011001010100001	0.284	0.777	1	205.17	399342	397944	1.00		3	531
#	-1.019;-0.534	000000000100000	0.325	0.799	1	163.17	399858	398004	0.50		5	224
-0.529;1.564	#	111000100110001	0.354	0.812	1	199.28	399945	398059	0.50		121	1628
#	-0.454;0.657	101000101110000	0.183	0.712	1	199.23	399971	398067	0.50		91	1544
-0.565;0.397	#	111101100111001	0.196	0.722	3	209.86	399918	398081	0.50		44	1346
#	-0.284;1.130	011100010100001	0.125	0.659	1	198.27	399503	398105	0.50		4	1377
0.391;1.133	-0.675;1.883	101000101100000	0.550	0.887	1	181.31	399996	398117	1.00		59	305
-0.658;0.423	-0.782;0.187	111000100110101	0.384	0.826	3	211.65	399950	398142	1.00		36	856
0.161;1.072	#	101000101110000	0.469	0.859	1	190.18	399971	398155	0.50		86	563
-0.388;0.983	-1.401;0.866	101000101110001	0.309	0.791	1	197.02	399988	398156	1.00		79	1354
-1.081;0.142	#	101000100110100	0.162	0.695	1	201.89	399937	398171	0.50		24	1244
-1.040;-0.040	0.186;1.154	001000010000001	0.123	0.658	1	205.54	399898	398196	1.00		33	399
0.132;1.133	#	101000101100000	0.405	0.835	1	190.16	399996	398227	0.50		53	579
-0.381;0.924	-0.905;-0.287	100010100110000	0.380	0.824	2	195.42	399911	398241	1.00		35	332
-0.446;0.851	-0.946;0.573	100010100110000	0.180	0.710	1	200.57	399911	398241	1.00		35	1236
-0.182;0.724	-0.364;0.604	101000101110001	0.451	0.853	1	210.27	399988	398249	1.00		78	660
-1.629;-0.417	#	011000010100001	0.245	0.755	1	192.00	399959	398255	0.50		23	444
-1.115;-0.281	-2.132;0.966	011001000100101	0.241	0.752	1	196.02	399938	398279	1.00		29	600
-0.534;0.726	-0.533;1.094	011000100110011	0.226	0.742	1	204.63	399684	398286	1.00		6	1224
-1.416;-0.175	-2.151;-0.115	000000000000100	0.148	0.682	2	199.44	399984	398287	1.00		21	310
-1.572;0.617	-0.680;0.095	011001000100001	0.136	0.671	1	204.34	399656	398300	1.00		6	799
#	-1.403;-0.009	100000100100000	0.208	0.730	4	194.35	399874	398301	0.50		15	795
0.370;1.148	-0.690;-0.602	001000100000000	0.176	0.707	1	163.40	398316	398316	1.00		0	5
-1.441;-0.126	#	001000000000100	0.077	0.599	1	203.43	399718	398320	0.50		3	840
#	0.067;0.590	001000101100000	0.123	0.658	2	204.30	399757	398359	0.50		4	670
#	-0.302;0.996	011101010110001	0.121	0.656	1	198.32	399986	398363	0.50		20	1218
-0.565;1.068	-0.291;0.716	111101100111001	0.206	0.729	1	205.48	399918	398371	1.00		39	1001
0.093;0.816	-0.223;0.303	101010100110000	0.375	0.822	1	213.45	398378	398378	1.00		0	232
#	-0.802;0.342	111100100110001	0.259	0.763	1	204.18	399947	398388	0.50		19	1194
-0.881;-0.103	-1.286;0.031	000000000110100	0.177	0.707	1	202.17	399792	398394	1.00		2	404
-0.189;0.293	0.372;1.564	011000100100011	0.413	0.838	1	191.83	399892	398409	1.00		28	127
-0.981;0.075	-0.958;0.208	111001100110101	0.328	0.800	1	208.40	399958	398410	1.00		64	605
-1.728;-0.152	-0.378;0.398	111101100110001	0.403	0.834	1	216.28	399939	398411	1.00		88	468
-1.184;0.039	0.320;0.416	011101000100001	0.199	0.724	1	214.23	398417	398417	1.00		0	105
#	-0.802;0.385	111100100110001	0.260	0.764	1	197.33	399947	398429	0.50		18	1246
#	0.099;0.796	011100100111011	0.133	0.668	1	201.19	399840	398442	0.50		2	682
-0.560;0.065	0.099;0.796	011100100111011	0.250	0.758	1	221.70	399840	398442	1.00		2	352
-0.818;-0.151	-0.733;0.488	011001000110101	0.253	0.760	1	217.77	399962	398452	1.00		13	611
-0.054;0.894	-0.494;0.225	101000100110001	0.584	0.898	1	201.87	399973	398463	1.00		50	348
-0.094;1.128	0.575;1.403	001000000000000	0.482	0.864	2	167.96	399934	398536	1.00		8	55
#	0.575;1.789	001000000000000	0.441	0.849	2	167.35	399982	398536	0.50		17	114
-0.998;0.142	-1.038;-0.108	101000100110100	0.342	0.807	3	202.06	399937	398539	1.00		18	370
-0.161;0.339	-0.862;0.303	101010100110000	0.375	0.822	1	208.60	399974	398550	1.00		17	333
#	-1.173;0.225	101000100110001	0.345	0.808	1	199.13	399973	398575	0.50		47	914
0.497;0.804	0.278;1.322	001000000100001	0.270	0.769	1	167.71	398580	398580	1.00		0	37
#	-0.547;0.708	111101100110001	0.234	0.748	1	196.73	399939	398604	0.50		77	1201
#	0.193;1.297	001000010000001	0.125	0.660	2	195.39	399898	398614	0.50		25	538
-0.472;0.293	#	111000100110001	0.429	0.844	1	209.20	399945	398622	0.50		85	772
-1.023;0.679	-0.426;0.794	011001000100001	0.182	0.711	1	204.94	399698	398626	1.00		21	1059
-0.375;0.019	-0.782;0.187	111000100110101	0.531	0.881	1	235.12	399950	398630	1.00		27	256
-0.058;0.506	-0.111;1.090	011000100101011	0.162	0.695	1	202.67	399356	398657	1.00		3	278
-1.728;-0.152	-0.378;0.098	111101100110001	0.349	0.810	1	223.03	399939	398666	1.00		42	222
#	-0.291;0.716	111101100111001	0.178	0.708	1	199.85	399918	398669	0.50		30	944
-0.653;0.033	-0.023;1.140	011000110100001	0.214	0.735	1	215.90	399753	398677	1.00		9	386
-0.385;0.652	#	111000100110011	0.281	0.776	1	203.42	399396	398697	0.50		2	894
-0.094;1.128	#	001000000000000	0.142	0.677	1	192.51	399934	398716	0.50		6	604
-0.183;1.002	0.575;1.789	001000000000000	0.479	0.863	1	168.78	399982	398716	1.00		10	58
-0.810;0.209	0.036;0.459	111101110110001	0.369	0.819	1	217.29	399882	398718	1.00		16	314
-0.529;1.461	-0.927;0.867	111000100110001	0.361	0.815	1	199.28	399945	398728	1.00		81	1057
-0.724;0.816	-0.926;0.303	101010100110000	0.226	0.743	1	206.09	399974	398732	1.00		19	853
0.161;4.143	-1.212;0.657	101000101110000	0.496	0.869	1	191.19	399971	398740	1.00		60	371
-0.418;0.527	#	111000100110001	0.418	0.840	2	204.09	399945	398758	0.50		78	803
#	-2.145;0.657	101000101110000	0.192	0.719	1	195.25	399971	398766	0.50		58	1181
0.270;1.769	-0.232;0.272	001000101000000	0.336	0.804	1	206.64	399737	398790	1.00		7	142
-0.979;0.387	#	001000000100011	0.123	0.658	1	199.69	399949	398807	0.50		10	982
#	0.043;0.953	011000100100001	0.264	0.766	1	199.76	399517	398818	0.50		3	569
-0.733;-0.152	#	111101100110001	0.265	0.767	1	211.87	399939	398826	0.50		64	502
-1.728;-0.066	#	111101100110001	0.219	0.738	1	203.35	399939	398826	0.50		64	649
-0.357;0.700	-0.762;0.994	101000100110001	0.426	0.843	1	202.15	399973	398832	1.00		42	782
#	0.118;1.396	001000000000001	0.153	0.687	2	197.11	399916	398834	0.50		7	510
-0.182;0.724	-0.224;0.396	101000101110001	0.509	0.874	1	213.99	399988	398855	1.00		47	308
-1.313;-0.201	-0.905;0.354	001001000000101	0.147	0.681	1	204.49	399556	398857	1.00		2	380
-1.728;-0.152	-0.547;0.674	111101100110001	0.294	0.783	1	211.80	399939	398873	1.00		63	462
#	0.186;1.297	001000010000001	0.126	0.660	1	195.68	399898	398895	0.50		20	428
-0.558;0.585	-0.151;1.108	011000100101001	0.203	0.727	1	210.24	399833	398901	1.00		5	539
#	-0.354;0.498	011101000100001	0.141	0.676	2	201.01	399862	398904	0.50		11	739
-0.357;0.894	#	101000100110001	0.398	0.832	1	197.02	399973	398921	0.50		40	758
#	-0.629;-0.009	001001000110101	0.208	0.731	1	200.04	399812	398933	0.50		7	432
-0.463;0.407	#	101000100110101	0.339	0.806	2	207.39	399968	398950	0.50		37	653
0.204;1.572	#	101000101110000	0.469	0.860	1	189.67	399971	398956	0.50		45	290
0.204;3.901	#	101000101110000	0.469	0.860	1	189.67	399971	398956	0.50		45	290
#	-0.680;0.532	011001000100001	0.143	0.677	1	197.37	399698	398957	0.50		13	897
0.313;1.596	-0.289;0.293	000000101000000	0.246	0.755	1	200.83	399979	398987	1.00		3	112
0.752;1.769	#	001000101000000	0.586	0.899	1	152.32	399997	398990	0.50		4	27
-1.408;1.026	-1.122;-0.172	100000100110100	0.307	0.790	1	196.11	399895	398993	1.00		15	349
0.391;1.070	-0.675;1.883	101000101100000	0.539	0.884	1	181.31	399996	398996	1.00		30	160
#	-0.782;0.381	111000100110101	0.273	0.772	1	197.20	399950	399007	0.50		19	776
0.434;1.083	-0.883;0.240	001000100000000	0.313	0.793	1	180.24	399714	399015	1.00		2	103
-1.013;0.339	#	001000110100001	0.157	0.690	1	198.62	399725	399026	0.50		1	778
-0.614;0.477	-0.293;0.342	111100100110001	0.452	0.853	1	224.77	399947	399040	1.00		12	356
#	-1.556;-0.080	101000100110101	0.375	0.822	1	194.34	399968	399051	0.50		33	391
-0.787;-0.152	-0.960;0.398	111101100110001	0.297	0.784	1	212.13	399939	399075	1.00		50	348
-0.472;0.407	-0.082;0.487	111000100110001	0.528	0.880	1	224.33	399945	399076	1.00		37	269
0.093;0.816	#	101010100110000	0.399	0.832	2	192.35	399974	399077	0.50		12	309
#	0.278;1.322	001000000100001	0.248	0.757	1	187.77	399978	399084	0.50		4	272
-1.226;-0.485	-0.111;0.819	000001000000001	0.225	0.742	1	192.79	399914	399178	1.00		6	98
-1.040;-0.040	0.386;0.967	001000010000001	0.264	0.766	1	192.00	399898	399199	1.00		13	81
-1.306;-0.120	-0.760;0.034	001000000100101	0.244	0.754	1	211.80	399905	399206	1.00		5	190
#	-1.400;-0.064	100000000100000	0.165	0.698	1	194.34	399936	399237	0.50		2	323
#	-0.898;-0.162	101010100110000	0.268	0.769	1	196.11	399974	399249	0.50		12	259
-0.498;0.225	#	111000100110101	0.357	0.814	1	214.06	399950	399251	0.50		16	401
-0.182;0.856	-0.636;1.356	101000101110001	0.396	0.831	1	195.80	399988	399261	1.00		35	377
#	-0.306;0.243	101000101110001	0.285	0.778	1	210.40	399988	399261	0.50		26	306
#	-0.098;1.258	001000100100001	0.239	0.751	1	200.00	399963	399264	0.50		5	446
0.313;1.332	#	000000101000000	0.233	0.747	1	186.63	399979	399280	0.50		2	161
-0.518;0.724	#	101000101110001	0.296	0.784	1	204.00	399988	399289	0.50		34	569
#	-0.440;1.473	111000100111001	0.231	0.746	1	197.83	399969	399309	0.50		10	578
-0.562;0.142	-1.556;0.182	101000100110101	0.410	0.837	1	220.34	399968	399336	1.00		23	206
-1.306;-0.120	-0.778;-0.139	001000000100101	0.295	0.784	1	212.92	399905	399340	1.00		4	118
-1.983;-0.120	#	001000000100101	0.169	0.701	1	203.43	399905	399340	0.50		4	327
-0.092;0.593	-0.990;0.149	100010100110000	0.343	0.807	1	200.31	399911	399395	1.00		12	149
#	-0.778;-0.139	001000000100101	0.204	0.727	1	202.19	399905	399398	0.50		3	210
-0.617;0.588	-1.163;-0.213	100000100100100	0.258	0.763	1	199.78	399532	399399	1.00		1	154
-0.005;0.496	-1.110;-1.019	000000000100000	0.026	0.762	1	171.51	399402	399402	1.00		0	0
0.270;1.769	-0.394;0.110	001000101000000	0.293	0.782	1	200.77	399489	399424	1.00		2	56
-0.816;-0.356	#	011101000100101	0.229	0.745	1	199.12	399435	399435	0.50		0	149
-0.681;0.075	#	111001100110101	0.284	0.777	1	214.85	399958	399445	0.50		24	305
-0.793;-0.163	-0.342;0.181	011101000110101	0.398	0.832	1	232.42	399483	399483	1.00		1	92
-0.466;0.330	#	111000100110101	0.363	0.816	1	208.63	399950	399494	0.50		9	296
0.232;0.770	#	001000100100000	0.353	0.812	1	194.79	399869	399496	0.50		1	121
-0.081;1.544	#	101010100110001	0.336	0.804	3	192.52	399989	399512	0.50		15	222
-0.112;0.787	-0.990;0.328	101000100110000	0.493	0.868	1	200.61	399930	399514	1.00		4	168
-1.184;0.039	#	011101000100001	0.158	0.692	1	203.65	399862	399529	0.50		4	289
#	-0.273;1.396	001000000000001	0.130	0.665	1	198.27	399916	399533	0.50		3	327
-0.360;0.215	-0.441;0.257	111100100110101	0.493	0.868	1	236.21	399538	399538	1.00		2	104
-0.818;-0.151	-0.765;0.416	011001000110101	0.259	0.763	1	217.80	399962	399542	1.00		4	175
-0.597;-0.004	-0.318;0.166	111101100110101	0.558	0.890	2	237.69	399944	399547	1.00		6	80
#	-0.905;0.354	001001000000101	0.077	0.599	1	201.55	399556	399556	0.50		0	339
-2.293;0.339	-1.193;-0.012	100000100110100	0.254	0.760	1	195.94	399895	399561	1.00		6	176
-1.063;-0.192	#	000000000100100	0.089	0.617	1	201.72	399893	399566	0.50		4	191
#	-0.098;1.254	001000100100001	0.238	0.751	1	200.00	399963	399568	0.50		2	247
#	-1.359;-0.172	100000100110100	0.307	0.790	1	196.11	399895	399589	0.50		5	149
-2.293;1.026	-1.122;-0.012	100000100110100	0.260	0.764	1	194.35	399895	399589	1.00		5	200
-0.464;0.091	-1.028;-0.544	000000000100100	0.389	0.828	1	193.23	399756	399599	1.00		2	12
-0.463;0.100	-1.542;-0.080	101000100110101	0.573	0.895	2	226.85	399968	399613	1.00		15	67
0.204;4.143	#	101000101110000	0.452	0.853	1	189.67	399971	399621	0.50		15	104
0.723;3.901	-1.212;0.657	101000101110000	0.184	0.713	1	154.51	399621	399621	1.00		0	13
-0.752;0.403	0.034;1.564	011000100100011	0.202	0.726	1	210.36	399892	399633	1.00		8	139
#	0.091;1.060	011000100100011	0.183	0.712	1	199.13	399892	399633	0.50		8	162
-1.291;-0.383	-0.600;-0.038	000001000000101	0.239	0.751	1	190.27	399995	399636	1.00		3	38
0.426;1.223	#	000000100000000	0.283	0.777	1	175.78	399855	399648	0.50		1	55
#	-0.675;1.266	101000101100000	0.147	0.682	1	195.68	399996	399658	0.50		10	322
-0.597;-0.004	-0.562;-0.318	111101100110101	0.256	0.762	1	208.68	399668	399668	1.00		0	26
-0.565;0.397	-0.903;0.716	111101100111001	0.226	0.743	1	212.28	399918	399687	1.00		9	215
#	-0.905;0.957	100010100110000	0.118	0.653	1	193.89	399911	399701	0.50		5	298
-1.209;0.243	-0.629;-0.009	001001000110101	0.260	0.764	1	204.53	399812	399703	1.00		1	91
-0.294;0.330	#	111000100110101	0.358	0.814	1	209.52	399950	399706	0.50		5	127
-0.466;0.423	-0.782;0.187	111000100110101	0.438	0.848	1	211.85	399950	399706	1.00		5	109
#	-0.440;0.714	111000100111001	0.241	0.753	1	199.20	399969	399722	0.50		5	222
#	-0.232;0.272	001000101000000	0.067	0.582	1	211.83	399737	399737	0.50		0	98
#	-0.984;-0.015	001000000100100	0.183	0.712	1	194.35	399909	399749	0.50		3	120
0.102;1.214	-1.403;-0.009	100000100100000	0.370	0.820	1	193.53	399874	399764	1.00		3	47
-0.595;0.387	-0.063;1.390	001000000100011	0.113	0.646	1	215.48	399949	399770	1.00		3	88
-0.595;-0.076	#	001000000100011	0.084	0.610	1	219.71	399817	399770	0.50		1	96
#	-0.709;-0.050	000000000000101	0.090	0.617	1	199.66	399780	399780	0.50		1	96
-0.820;0.514	#	111100100110001	0.278	0.774	1	201.47	399947	399786	0.50		3	182
#	-0.262;1.016	111100110110001	0.188	0.716	2	198.27	399878	399787	0.50		2	146
-0.964;-0.019	-1.286;0.031	000000000110100	0.187	0.715	1	203.75	399792	399792	1.00		0	59
0.204;1.072	-0.159;0.423	101000101110000	0.544	0.885	1	195.25	399971	399794	1.00		4	25
#	-0.465;0.716	011101000110001	0.175	0.706	2	198.61	399990	399798	0.50		6	163
#	-0.990;0.328	101000100110000	0.274	0.772	1	201.55	399930	399806	0.50		3	140
-1.061;-0.152	-0.378;1.158	111101100110001	0.316	0.794	1	214.91	399939	399809	1.00		10	68
-0.787;-0.083	-0.262;1.016	111100110110001	0.261	0.764	1	217.20	399878	399878	1.00		0	45
-0.888;0.039	#	011100110110001	0.162	0.695	1	203.66	399881	399881	0.50		1	77
#	0.034;1.136	011000100100011	0.151	0.685	1	200.71	399892	399892	0.50		0	48
#	0.231;1.297	001000010000001	0.127	0.662	1	192.33	399898	399898	0.50		0	31
-0.112;0.787	-0.573;0.328	101000100110000	0.566	0.892	1	201.67	399930	399899	1.00		2	26
0.604;1.197	-0.049;0.520	000000001000000	0.708	0.933	1	155.33	399927	399927	1.00		1	3
-0.451;0.142	-0.468;-0.108	101000100110100	0.489	0.867	1	238.00	399937	399937	1.00		0	7
-0.137;0.419	-0.926;0.303	101010100110000	0.458	0.856	1	201.67	399974	399974	1.00		0	6
-0.067;0.804	0.278;0.610	001000000100001	0.168	0.700	1	170.00	399978	399978	1.00		0	2
-1.416;-0.281	-2.151;-0.115	000000000000100	0.212	0.733	1	197.00	399984	399984	1.00		0	1
-0.393;0.089	-0.074;0.753	111100100111001	0.021	0.732	1	211.73	399991	399991	1.00		0	0
-1.657;-0.021	0.234;0.654	011101010100001	0.022	0.741	1	207.82	399992	399992	1.00		0	0
