att1	att2	Phenotype	Fitness	Accuracy	Numerosity	AveMatchSetSize	TimeStampGA	InitTimeStamp	Specificity	DeletionProb	CorrectCount	MatchCount
-1.215;-0.586	#	100000000000000	0.019	0.451	5	197.34	399996	264563	0.50		2713	13371
-2.033;-0.159	-0.729;-0.058	100100001100000	0.048	0.544	2	235.45	399629	343010	1.00		324	11500
-1.388;0.350	0.199;1.003	100000000010010	0.080	0.604	5	202.80	399949	352146	1.00		273	9028
-0.458;0.856	0.249;2.530	000010000010000	0.021	0.462	4	190.83	399983	353400	1.00		1201	9533
-0.893;-0.340	-1.139;-0.008	000100001100000	0.045	0.537	4	221.58	399955	355506	1.00		383	7382
-0.227;0.823	-1.219;-0.531	000001001000100	0.239	0.751	5	230.47	399942	368848	1.00		400	3966
-0.645;-0.036	-0.799;0.408	100101001011000	0.138	0.673	1	238.20	399878	371757	1.00		121	9453
#	-1.009;0.056	001001001001100	0.065	0.578	2	231.35	399882	372880	0.50		271	18195
-0.891;0.195	-1.348;0.013	001001001101000	0.056	0.561	3	241.72	399927	373606	1.00		228	11589
-1.019;-0.777	-1.355;-0.243	000000000100000	0.284	0.777	1	172.82	399804	374195	1.00		295	443
-0.048;1.118	#	000001010010100	0.099	0.630	1	217.21	399979	374319	0.50		549	14008
-1.415;-0.486	-0.998;-0.225	000000000100000	0.055	0.561	4	205.04	399971	375025	1.00		427	1998
-1.797;-0.371	-0.662;-0.029	100100000100000	0.067	0.582	1	227.00	399969	375316	1.00		285	3113
-0.038;0.762	-0.906;-0.025	000001011001101	0.343	0.807	6	257.92	399941	377086	1.00		164	6136
#	0.277;0.810	000001100010000	0.060	0.569	4	182.41	399958	377303	0.50		615	4634
#	-1.098;-0.371	000001001001101	0.102	0.633	2	223.86	399992	377925	0.50		1016	7329
-0.906;0.256	-0.757;0.627	100001001011000	0.104	0.636	1	236.96	399835	378865	1.00		150	13361
-0.839;0.246	#	101101001011000	0.062	0.573	3	233.08	399753	379482	0.50		87	14113
0.284;0.836	#	000001000000100	0.022	0.465	4	210.50	399599	381928	0.50		77	4165
-1.415;-0.777	#	000000000100000	0.068	0.583	1	165.77	399804	382383	0.50		200	400
-0.691;0.624	-0.922;0.113	101001011011101	0.174	0.705	2	245.69	399928	382580	1.00		99	10268
-0.976;0.243	-0.381;0.367	110001001011000	0.158	0.691	1	241.11	399972	383622	1.00		139	5956
#	0.206;1.836	100001010010010	0.111	0.645	1	187.84	399947	383646	0.50		816	3971
-0.839;0.228	-1.341;0.020	001001001001000	0.055	0.559	3	241.75	399788	383667	1.00		48	7297
0.413;3.357	#	000001000000000	0.028	0.490	1	182.11	399994	383718	0.50		303	2749
0.892;1.259	-1.438;0.677	000001000010000	0.370	0.820	1	161.00	399977	384420	1.00		113	246
0.621;3.091	-1.385;-0.081	000001000000000	0.250	0.758	1	176.54	399994	384837	1.00		262	629
#	0.311;1.193	000000000010000	0.020	0.457	6	172.61	399978	384860	0.50		87	3096
0.621;2.290	-0.982;-0.484	000001000000000	0.857	0.970	1	154.19	399994	385315	1.00		210	231
0.284;1.581	-0.934;-0.340	000001000000100	0.091	0.619	1	216.28	399599	385423	1.00		62	1273
#	-0.955;0.176	101101001101000	0.034	0.509	2	230.50	399453	385473	0.50		20	10725
#	-0.334;0.682	000001011010000	0.087	0.614	2	227.37	399939	385497	0.50		104	8528
-0.138;0.226	-1.487;0.361	100001011011100	0.357	0.814	1	273.82	399931	385721	1.00		490	3324
0.240;0.736	-0.988;-0.087	000001001000101	0.208	0.731	6	244.89	399987	386007	1.00		101	1782
-0.856;-0.170	#	000101001101000	0.034	0.507	1	214.96	399785	386073	0.50		98	4783
-1.090;-0.024	#	100001001001000	0.056	0.563	1	223.21	399913	386241	0.50		40	6702
-0.893;-0.340	#	000100001100000	0.014	0.427	1	210.51	399955	386553	0.50		117	3001
-0.252;1.178	#	000001011011100	0.155	0.689	3	221.13	399993	386564	0.50		482	9689
#	-0.764;0.636	110001001011000	0.060	0.570	1	226.42	399972	386890	0.50		111	11662
0.354;1.217	#	000001010010000	0.121	0.656	1	183.66	399948	387332	0.50		219	2594
-0.722;0.688	-0.542;0.728	001001011001101	0.040	0.525	3	234.96	399667	387566	1.00		88	8892
-0.127;1.215	-0.671;0.114	000001011010100	0.263	0.765	2	248.67	399902	387683	1.00		228	4108
-1.103;0.287	#	001101001101000	0.018	0.447	5	232.93	399818	387755	0.50		104	9056
-0.138;0.226	#	100001011011100	0.220	0.739	2	260.49	399931	387790	0.50		420	3679
#	-0.671;0.114	000001011010100	0.086	0.613	1	242.48	399902	387859	0.50		223	7228
#	-1.199;0.024	001101001001000	0.034	0.507	1	231.37	399885	388002	0.50		34	7676
#	-0.588;-0.013	100101001111000	0.074	0.594	2	245.87	399985	388069	0.50		35	5311
-1.702;0.479	-0.945;0.359	100101001101000	0.054	0.558	2	236.94	399929	388745	1.00		129	7869
0.400;1.013	#	000001010010100	0.154	0.688	2	178.28	399979	388795	0.50		240	1938
-0.449;0.226	#	100001011011100	0.201	0.726	1	250.37	399998	389113	0.50		925	5695
-0.195;0.737	-0.305;0.837	000001011011000	0.153	0.687	1	232.26	399870	389187	1.00		185	4303
-0.150;0.783	0.249;1.700	000010000010000	0.030	0.496	1	192.74	399983	389260	1.00		275	1719
-0.349;0.315	#	101001011011100	0.178	0.708	4	252.45	399903	389383	0.50		76	5737
-0.530;0.959	-0.726;0.712	100001011011100	0.181	0.710	1	242.85	399998	389389	1.00		899	8225
-0.170;0.620	-0.420;0.221	000001011011101	0.563	0.892	2	268.19	399986	389432	1.00		452	2643
-0.976;-0.301	-0.381;0.411	110001001011000	0.114	0.648	1	216.97	399972	389487	1.00		90	1429
-0.695;-0.085	#	100101001111000	0.098	0.628	1	224.62	399985	389500	0.50		30	3785
-0.227;0.592	0.030;0.873	000001110010000	0.095	0.625	2	216.70	399887	389904	1.00		74	2482
-0.801;0.066	0.467;0.984	000000000010010	0.223	0.741	1	190.70	399953	390275	1.00		179	485
#	-0.632;0.292	100001011011100	0.171	0.703	2	242.08	399998	390284	0.50		820	6432
#	-0.160;0.645	100001010010000	0.135	0.670	3	216.94	399770	390683	0.50		27	4088
-0.855;0.116	-0.728;0.249	110101001011000	0.096	0.625	2	244.23	399964	390686	1.00		54	4109
#	-0.615;0.286	100101011011100	0.148	0.683	4	242.08	399854	390767	0.50		40	5999
0.074;0.406	#	000001010010000	0.057	0.564	1	237.41	399995	390809	0.50		66	2195
-0.482;1.088	#	000001100010000	0.017	0.440	1	225.47	399958	391087	0.50		242	7612
-0.274;1.056	0.277;0.810	000001100010000	0.089	0.616	2	187.69	399958	391142	1.00		240	1559
-0.801;0.066	0.467;2.781	000000000010010	0.228	0.744	2	190.70	399953	391251	1.00		162	434
-0.293;1.056	0.277;0.810	000001100010000	0.088	0.615	2	187.69	399958	391283	1.00		235	1542
-1.063;-0.340	-1.212;-0.157	000001001101000	0.063	0.575	2	220.09	399729	391341	1.00		36	1254
-0.888;0.445	#	001001001000100	0.015	0.431	1	229.07	399749	391361	0.50		48	7263
#	-1.921;-0.200	001001001000000	0.024	0.475	5	232.14	399989	391484	0.50		85	4025
-0.448;0.447	-0.065;0.792	100001011011000	0.145	0.679	1	222.68	399991	391603	1.00		144	2546
-0.015;0.480	0.088;1.218	000010100010000	0.022	0.466	1	209.13	399510	391653	1.00		36	1301
-1.245;-0.007	-0.906;-0.350	000000001100000	0.017	0.445	4	222.10	399793	391800	1.00		36	1622
-1.215;-0.586	-0.299;0.448	100000000000000	0.220	0.739	2	183.24	399996	391804	1.00		118	341
0.491;4.839	0.142;0.677	000001000010000	0.519	0.877	1	173.72	399977	391879	1.00		114	208
-0.038;0.762	#	000001011001101	0.087	0.614	1	233.01	399941	391898	0.50		58	4008
-0.590;0.229	0.119;0.771	100001010010010	0.261	0.764	1	214.48	399947	391964	1.00		399	1382
-0.778;0.212	-0.925;0.110	001101001011100	0.089	0.617	3	241.81	399839	392150	1.00		12	3655
-0.518;0.473	-0.016;2.930	100001000010010	0.091	0.620	2	208.85	399970	392188	1.00		202	2385
0.141;0.675	0.554;1.224	000010000000000	0.037	0.517	4	161.33	399967	392278	1.00		45	377
-0.707;0.265	-0.306;0.792	100001011011000	0.184	0.713	1	232.54	399991	392336	1.00		131	3134
-0.063;0.909	-0.018;1.285	000000100010000	0.015	0.430	2	206.21	399571	392338	1.00		22	1830
0.280;1.136	-1.256;0.550	000001010010100	0.174	0.705	2	208.00	399979	392339	1.00		164	1732
-0.882;0.146	0.091;0.972	100001000010010	0.217	0.737	1	206.64	399970	392370	1.00		197	1329
#	-0.800;0.356	100001011011101	0.132	0.667	1	227.53	399982	392505	0.50		320	5834
0.280;1.028	#	000001010010100	0.122	0.656	2	194.21	399979	392573	0.50		158	1949
#	0.958;2.930	100001000010010	0.000	0.000	1	146.40	392589	392589	0.50		0	10
0.240;0.736	#	000001001000101	0.037	0.518	4	213.44	399987	392640	0.50		53	1931
-1.103;0.287	-0.830;-0.351	001101001101000	0.095	0.625	1	236.57	399818	392648	1.00		62	1824
-1.299;-0.586	-0.299;0.448	100000000000000	0.215	0.735	1	183.24	399996	392801	1.00		101	298
-1.068;0.036	-1.595;-0.424	000001001000000	0.037	0.516	1	214.71	399865	392875	1.00		70	1159
#	0.091;0.972	100001000010010	0.091	0.619	3	188.70	399970	392980	0.50		182	2169
0.578;1.245	0.311;1.193	000000000010000	0.237	0.750	1	151.63	399978	392988	1.00		40	120
0.497;4.110	-0.651;0.677	000001000010000	0.242	0.753	2	192.24	399977	393053	1.00		237	736
-1.042;0.246	#	101101001011000	0.057	0.564	1	233.08	399753	393075	0.50		29	4852
-0.437;0.306	-1.336;-0.186	001001001000100	0.108	0.641	1	262.40	399749	393145	1.00		39	1881
-0.144;0.744	-0.591;0.299	000001011011101	0.417	0.840	2	259.00	399986	393222	1.00		351	2428
0.054;1.273	#	000001010010000	0.084	0.609	1	215.56	399995	393229	0.50		168	2918
-0.451;0.315	#	100001011011101	0.174	0.705	1	251.61	399982	393388	0.50		281	3983
-0.590;0.375	0.119;1.102	100001010010010	0.157	0.690	1	211.49	399947	393432	1.00		326	1486
#	0.456;2.475	000000000010010	0.056	0.561	1	171.30	399953	393449	0.50		120	876
0.074;1.087	#	000001010010000	0.088	0.615	2	211.70	399995	393460	0.50		163	2679
-1.301;1.184	-0.874;1.747	110101001001000	0.018	0.448	3	220.31	399876	393551	1.00		73	6383
#	-0.005;1.068	100001000010010	0.074	0.594	2	193.76	399970	393586	0.50		166	2451
-0.645;0.425	-0.799;0.408	100101001011000	0.120	0.654	1	244.00	399878	393587	1.00		27	3869
-0.590;0.229	-0.047;1.102	100001010010010	0.177	0.707	1	219.95	399947	393595	1.00		318	1529
0.818;4.839	-0.523;1.257	000001000010000	0.627	0.911	1	153.99	399977	393686	1.00		126	172
#	0.091;0.640	100001000010010	0.131	0.666	1	209.32	399970	393800	0.50		159	1515
-1.411;0.688	-0.592;0.728	001001011001101	0.035	0.512	1	235.09	399667	393936	1.00		42	4691
#	-0.757;0.627	100001001011000	0.086	0.612	1	227.02	399835	393939	0.50		42	5339
-0.169;1.056	0.146;0.836	000001100010000	0.084	0.609	1	197.47	399958	394011	1.00		163	1254
-0.008;1.186	-1.089;0.392	000001011010100	0.240	0.752	1	232.03	399902	394031	1.00		110	2217
-0.227;0.498	0.030;0.873	000001110010000	0.093	0.622	2	216.72	399887	394098	1.00		43	1397
-0.174;0.745	-0.564;0.055	000001011011101	0.518	0.877	1	265.54	399986	394139	1.00		305	1606
-1.245;-0.763	-0.906;-0.350	000000001100000	0.115	0.649	1	173.11	394201	394201	1.00		0	74
-0.195;0.737	-0.382;0.837	000001011011000	0.163	0.696	1	233.57	399870	394278	1.00		96	2502
-0.227;0.592	0.030;1.499	000001110010000	0.084	0.610	1	210.33	399887	394295	1.00		40	1432
-0.882;0.146	0.182;0.972	100001000010010	0.302	0.787	1	205.96	399970	394324	1.00		147	803
-0.439;0.661	-1.468;-0.371	000001001001101	0.248	0.756	2	246.53	399992	394400	1.00		257	1369
-0.252;1.178	-1.520;0.650	000001011011100	0.199	0.724	2	231.18	399993	394432	1.00		199	3737
-0.888;0.898	-1.336;-0.186	001001001000100	0.048	0.545	1	232.14	399749	394543	1.00		31	2567
0.280;1.028	-1.256;0.550	000001010010100	0.173	0.704	1	208.00	399979	394580	1.00		115	1230
-1.159;-0.245	0.316;0.378	110000000000000	0.036	0.514	1	173.02	394601	394601	1.00		0	45
#	-0.543;0.769	000001010010000	0.041	0.529	2	229.78	399995	394627	0.50		134	4285
-0.344;0.609	-0.138;1.185	000001000010010	0.054	0.558	2	215.57	399558	394665	1.00		8	1939
0.169;1.159	-0.543;0.769	000001010010000	0.154	0.688	1	221.37	399995	394703	1.00		115	1499
0.018;1.100	#	000001011010101	0.130	0.664	2	216.98	399904	394712	0.50		75	2489
-0.514;0.438	-1.351;0.266	001001001001101	0.145	0.680	1	254.68	399950	394716	1.00		143	2887
0.280;1.028	-1.256;0.135	000001010010100	0.176	0.707	2	214.43	399979	394717	1.00		105	901
-1.064;-0.530	#	100000000100000	0.062	0.574	2	198.11	399625	394732	0.50		22	610
-1.062;0.243	-1.554;0.797	110001001011000	0.064	0.576	1	233.08	399972	394806	1.00		43	3604
-0.309;0.813	-0.849;-0.006	000001011011101	0.364	0.817	1	253.19	399986	394868	1.00		265	2055
-0.252;1.178	-1.660;0.235	000001011011100	0.299	0.785	1	232.84	399993	394882	1.00		185	2697
-0.004;0.949	-0.334;0.682	000001011010000	0.201	0.725	1	229.62	399939	394884	1.00		36	1527
-0.590;0.229	#	100001010010010	0.042	0.531	2	248.95	399947	394950	0.50		249	2980
-0.575;0.438	#	001001001001101	0.049	0.548	1	238.29	399950	394978	0.50		136	3722
-1.340;-0.371	-0.662;-0.029	100100000100000	0.068	0.584	1	227.00	399969	395001	1.00		59	635
-1.702;0.479	-0.657;0.071	100101001101000	0.065	0.579	3	248.49	399929	395036	1.00		57	2330
#	-1.219;-0.531	000001001000100	0.108	0.641	3	212.33	399942	395049	0.50		63	969
-0.774;-0.098	-0.516;0.538	110001001001000	0.095	0.625	1	229.37	399951	395115	1.00		118	1381
#	-0.415;0.792	100001011011000	0.131	0.666	1	223.11	399991	395132	0.50		83	3453
0.018;0.856	-0.774;0.116	000001011010101	0.337	0.804	1	251.17	399904	395141	1.00		69	1323
-0.218;0.601	-1.342;0.299	000001011011101	0.380	0.824	1	254.59	399986	395155	1.00		249	2184
#	-1.660;0.424	000001011011100	0.113	0.647	1	226.71	399993	395176	0.50		172	4072
#	-0.831;-0.121	001001011001100	0.077	0.598	2	233.15	399425	395231	0.50		13	2425
-0.525;0.313	-0.160;0.645	100001010010000	0.183	0.712	1	243.67	399770	395277	1.00		13	1352
-0.707;0.265	-0.415;0.792	100001011011000	0.190	0.717	2	234.06	399991	395304	1.00		79	2285
-1.239;0.146	#	100001000010010	0.021	0.462	1	227.65	399970	395352	0.50		117	2913
#	-0.498;0.308	000001011011100	0.173	0.704	1	237.29	399993	395362	0.50		168	2683
0.788;0.909	-0.018;1.285	000000100010000	0.031	0.500	1	163.50	395377	395377	1.00		0	58
0.205;1.176	-0.651;0.832	000001000010000	0.092	0.620	1	210.99	399977	395432	1.00		161	1326
-1.443;-0.098	#	110001001001000	0.048	0.545	3	219.40	399951	395440	0.50		111	1876
-0.399;0.496	0.119;0.771	100001010010010	0.172	0.704	1	212.99	399947	395459	1.00		224	1027
#	-0.415;1.395	100001011011000	0.123	0.658	1	217.27	399991	395481	0.50		75	3255
-0.031;0.856	0.249;2.530	000010000010000	0.043	0.532	2	192.05	399983	395524	1.00		115	610
-0.548;0.195	-1.921;-0.200	001001001000000	0.061	0.572	2	262.58	399989	395590	1.00		44	1180
-0.999;-0.133	-0.004;0.487	110001001001000	0.097	0.627	1	202.68	399805	395611	1.00		67	407
0.424;1.028	#	000001010010100	0.163	0.696	2	182.09	399979	395623	0.50		93	715
#	-0.858;-0.028	000001001001101	0.085	0.611	1	232.33	399992	395672	0.50		199	2549
-0.374;0.997	#	000001011011000	0.118	0.652	1	223.80	399870	395676	0.50		72	3424
0.818;1.069	-0.651;0.659	000001000010000	0.632	0.912	1	164.52	399977	395685	1.00		87	118
-0.466;0.254	#	100001011011101	0.169	0.701	3	251.41	399982	395752	0.50		181	2376
-0.893;-0.296	-1.139;-0.008	000100001100000	0.040	0.524	1	222.11	399955	395761	1.00		37	772
0.136;1.714	#	000001011011100	0.126	0.661	1	210.62	399993	395763	0.50		127	1586
0.818;3.953	#	000001000010000	0.489	0.867	1	147.86	399977	395783	0.50		84	140
#	-1.121;0.299	000001011011101	0.111	0.645	1	232.44	399986	395792	0.50		216	3341
-0.449;0.226	-0.167;0.408	100001011011100	0.484	0.865	2	257.69	399998	395826	1.00		275	776
#	-0.618;0.053	100101001101000	0.043	0.533	1	243.89	399929	395902	0.50		46	2158
0.818;3.953	-0.154;0.996	000001000010000	0.590	0.900	2	150.10	399977	395911	1.00		56	80
-0.447;0.487	-0.047;1.286	100001010010010	0.124	0.658	1	208.93	399947	395919	1.00		205	1271
-0.074;0.745	#	000001011011101	0.168	0.700	1	232.94	399986	395946	0.50		208	2143
-0.928;0.195	-1.348;-0.303	001001001101000	0.091	0.620	2	241.41	399927	395974	1.00		35	1080
#	0.206;1.139	100001010010010	0.111	0.645	2	187.84	399947	396047	0.50		197	957
-0.587;0.254	-0.800;0.356	100001011011101	0.258	0.763	2	263.26	399982	396119	1.00		163	1847
0.497;5.462	-0.246;0.677	000001000010000	0.392	0.829	1	186.51	399977	396131	1.00		103	240
#	-0.499;0.287	100001011011100	0.219	0.738	1	237.30	399998	396194	0.50		328	2189
-0.815;-0.339	#	100000001000000	0.016	0.438	2	210.66	399708	396213	0.50		5	798
#	-0.194;1.032	000001010010010	0.053	0.555	1	202.48	399739	396244	0.50		6	1961
#	0.467;0.984	000000000010010	0.055	0.561	3	170.43	399953	396245	0.50		68	479
-0.008;1.186	-0.754;0.275	000001011010100	0.260	0.764	1	232.30	399902	396247	1.00		67	1278
-0.458;1.326	0.249;2.530	000010000010000	0.022	0.465	1	183.88	399983	396250	1.00		95	784
-0.449;0.057	-0.699;0.402	100001011011100	0.347	0.809	2	260.94	399998	396263	1.00		299	1139
-0.174;0.745	#	000001011011101	0.166	0.699	1	236.14	399986	396266	0.50		193	2263
0.109;1.136	-1.256;0.550	000001010010100	0.166	0.699	1	223.21	399979	396271	1.00		80	1248
-1.019;-0.777	-1.355;-0.662	000000000100000	1.000	1.000	1	145.70	399669	396309	1.00		10	10
#	-0.004;0.487	110001001001000	0.034	0.509	1	215.01	399805	396310	0.50		56	948
-0.466;0.254	-0.287;0.356	100001011011101	0.388	0.827	2	262.27	399875	396333	1.00		78	851
-0.473;0.422	-0.888;0.878	001001011011101	0.124	0.658	1	240.36	399830	396335	1.00		10	2485
#	-1.092;-0.028	000001001001101	0.084	0.609	1	232.33	399992	396371	0.50		167	2184
-0.554;0.532	#	001001001001101	0.048	0.545	1	238.46	399950	396376	0.50		98	2835
0.074;1.087	-0.543;2.072	000001010010000	0.128	0.663	1	215.63	399995	396378	1.00		91	1263
-0.799;0.267	-1.009;-0.871	001001001001100	0.061	0.571	1	166.24	396387	396387	1.00		0	20
-1.415;-0.486	-1.749;-0.225	000000000100000	0.055	0.559	1	205.04	399971	396476	1.00		60	282
#	-1.098;-0.095	000001001001101	0.085	0.611	4	232.79	399992	396522	0.50		159	1909
0.074;1.159	#	000001010010000	0.087	0.613	1	211.70	399995	396556	0.50		84	1408
-0.530;0.422	-1.046;0.266	001001001001101	0.143	0.678	1	254.68	399950	396597	1.00		91	1864
-0.575;0.415	-1.370;0.028	001001001001101	0.179	0.709	1	256.95	399950	396597	1.00		91	1551
-1.051;0.302	#	101101001111000	0.047	0.544	1	232.93	399400	396604	0.50		4	2557
-0.788;-0.140	-1.313;-0.182	001001001100000	0.057	0.563	1	231.60	399901	396671	1.00		28	652
-1.113;0.254	#	100001011011101	0.088	0.615	1	233.30	399982	396699	0.50		140	2337
-0.526;0.731	#	100001000010010	0.023	0.469	2	237.33	399970	396725	0.50		82	2750
#	0.182;0.972	100001000010010	0.105	0.637	1	187.72	399970	396750	0.50		81	838
#	-0.906;-0.025	000001011001101	0.097	0.627	1	232.33	399941	396791	0.50		23	1919
-0.481;0.624	-0.922;0.113	101001011011101	0.247	0.756	1	253.15	399928	396793	1.00		18	1669
-1.133;-0.530	#	100000000100000	0.062	0.573	1	198.11	399625	396829	0.50		13	367
-0.514;0.542	-1.370;0.266	001001001001101	0.140	0.675	1	253.05	399950	396839	1.00		85	1874
-0.216;1.060	#	000001011010100	0.133	0.668	1	221.50	399902	396855	0.50		57	2144
-0.301;0.804	#	000001001001101	0.054	0.558	1	236.12	399992	396909	0.50		144	2209
-1.247;-0.098	-0.004;0.487	110001001001000	0.085	0.610	2	206.38	399805	396942	1.00		48	314
0.109;1.028	-1.256;0.550	000001010010100	0.166	0.698	2	223.21	399979	396996	1.00		64	1007
-1.103;0.287	-1.035;-0.115	001101001101000	0.058	0.567	1	242.85	399818	397022	1.00		24	1221
-0.855;0.116	-1.124;0.249	110101001011000	0.078	0.600	1	238.90	399964	397050	1.00		17	1442
#	-0.008;0.810	000001100010000	0.033	0.507	1	199.52	399958	397054	0.50		81	1104
-0.008;1.215	#	000001011010100	0.140	0.675	1	217.09	399902	397106	0.50		52	1404
#	0.091;0.850	100001000010010	0.101	0.632	1	192.35	399970	397120	0.50		75	869
#	-0.726;0.287	100001011011100	0.159	0.693	1	241.25	399998	397124	0.50		244	2061
-2.731;-0.371	-0.662;-0.029	100100000100000	0.068	0.584	1	227.00	399969	397140	1.00		34	365
-0.252;1.178	-1.660;0.005	000001011011100	0.269	0.769	1	236.78	399957	397161	1.00		68	1200
-0.869;0.350	-0.632;0.292	100001011011100	0.201	0.726	1	248.55	399998	397202	1.00		236	1472
-0.608;0.363	-0.831;-0.121	001001011001100	0.181	0.711	1	258.51	399425	397208	1.00		7	999
#	-0.434;0.524	100001001011100	0.134	0.669	1	228.67	399461	397222	0.50		8	1785
-0.587;0.513	-0.800;0.356	100001011011101	0.271	0.770	1	254.45	399982	397244	1.00		118	1648
#	-0.305;0.837	000001011011000	0.086	0.613	1	216.27	399870	397251	0.50		47	1668
-0.659;-0.170	#	000101001101000	0.056	0.561	1	221.89	399785	397257	0.50		18	797
-0.266;0.877	-0.858;-0.095	000001001001101	0.250	0.758	2	246.46	399992	397288	1.00		125	934
#	-0.651;0.677	000001000010000	0.018	0.446	1	233.68	399977	397349	0.50		91	2187
-0.819;0.195	-1.348;0.013	001001001101000	0.057	0.564	1	241.72	399927	397372	1.00		23	1121
#	-0.047;0.771	100001010010010	0.098	0.629	2	199.32	399947	397403	0.50		129	1029
0.143;0.688	-0.542;0.728	001001011001101	0.067	0.582	1	238.18	397431	397431	1.00		0	649
-1.019;-0.486	-1.355;-0.225	000000000100000	0.055	0.560	2	205.04	399971	397453	1.00		42	201
#	-0.542;0.728	001001011001101	0.029	0.493	1	232.06	399667	397457	0.50		16	1985
#	-0.829;0.100	000001011010101	0.079	0.602	1	230.54	399904	397483	0.50		36	1708
#	-1.370;0.028	001001001001101	0.069	0.586	2	231.37	399950	397512	0.50		67	1599
-1.064;0.231	0.061;0.885	100001000000010	0.054	0.558	2	210.41	399618	397521	1.00		7	512
#	-1.089;0.392	000001011010100	0.080	0.603	1	226.94	399902	397526	0.50		45	2049
-0.466;0.254	-0.916;0.292	100001011011101	0.279	0.775	2	261.52	399982	397564	1.00		102	1064
-0.722;0.572	-0.542;0.728	001001011001101	0.042	0.530	1	236.05	399667	397570	1.00		15	1665
-1.301;1.905	-0.874;1.747	110101001001000	0.018	0.449	1	220.31	399876	397590	1.00		27	2385
-0.266;0.877	#	000001001001101	0.052	0.553	2	228.71	399992	397608	0.50		112	1676
#	0.119;0.771	100001010010010	0.123	0.657	1	195.20	399947	397626	0.50		116	676
-0.252;1.714	#	000001011011100	0.157	0.690	1	221.13	399993	397630	0.50		86	1707
#	-1.314;0.538	110001001001000	0.034	0.508	1	226.45	399951	397641	0.50		59	2145
-0.008;1.186	-0.688;-0.190	000001011010100	0.216	0.736	2	257.47	399902	397645	1.00		13	372
#	-1.914;-0.424	000001001000000	0.050	0.550	1	223.76	399865	397709	0.50		25	616
-0.904;0.856	-0.774;0.116	000001011010101	0.089	0.616	1	241.76	399904	397741	1.00		32	1439
-1.154;0.122	-1.914;-0.424	000001001000000	0.038	0.519	1	222.48	399865	397768	1.00		21	400
-0.820;0.494	-0.499;0.402	100001011011100	0.251	0.759	2	238.23	399998	397777	1.00		191	1153
-0.437;0.146	0.182;0.972	100001000010010	0.418	0.840	2	213.28	399970	397780	1.00		58	267
-0.394;0.330	-0.047;0.771	100001010010010	0.191	0.718	1	220.75	399947	397824	1.00		107	528
-0.576;0.091	-0.499;0.287	100001011011100	0.417	0.839	1	263.46	399998	397828	1.00		178	617
-0.466;0.513	#	100001011011101	0.150	0.684	1	238.46	399982	397849	0.50		91	1585
-1.247;-1.032	#	110001001001000	0.011	0.647	1	228.54	397854	397854	0.50		0	0
-0.174;0.745	-0.533;0.338	000001011011101	0.431	0.845	2	261.13	399986	397862	1.00		109	736
-0.462;0.813	-1.256;0.550	000001010010100	0.084	0.609	1	247.99	399979	397882	1.00		45	1534
-0.439;0.661	#	000001001001101	0.054	0.558	2	237.34	399992	397895	0.50		97	1624
-0.039;0.723	-1.520;0.650	000001011011100	0.237	0.750	1	245.36	399993	397896	1.00		75	941
-0.021;0.265	-0.415;1.395	100001011011000	0.227	0.744	2	256.00	399991	397928	1.00		27	367
-0.722;1.332	-0.592;0.728	001001011001101	0.036	0.515	1	232.23	399667	397932	1.00		14	1625
#	0.179;0.636	110001001011000	0.043	0.533	1	208.02	397980	397980	0.50		0	398
#	-1.130;0.028	001001001001101	0.068	0.584	1	231.37	399950	397995	0.50		53	1281
#	-0.008;0.980	000001100010000	0.030	0.496	1	192.76	399958	398020	0.50		54	770
-0.925;0.370	-0.615;0.286	100101011011100	0.179	0.709	1	249.04	399854	398033	1.00		8	1021
0.031;4.110	-0.651;0.677	000001000010000	0.070	0.587	1	237.54	399977	398068	1.00		65	719
#	-1.348;0.013	001001001101000	0.036	0.514	1	231.37	399927	398071	0.50		17	1227
-1.702;0.479	-0.943;0.283	100101001101000	0.057	0.563	1	243.62	399929	398078	1.00		21	1306
#	-1.370;0.266	001001001001101	0.055	0.559	1	232.44	399950	398083	0.50		49	1507
-1.097;-0.297	-0.050;0.114	110100000000000	0.070	0.587	1	189.60	398121	398121	1.00		0	50
-0.530;0.226	-1.487;0.712	100001011011100	0.204	0.728	1	250.33	399998	398137	1.00		164	1025
0.136;1.714	-0.498;0.308	000001011011100	0.363	0.817	1	225.67	399993	398158	1.00		57	391
-0.904;0.856	-1.338;0.116	000001011010101	0.084	0.610	2	240.42	399904	398161	1.00		27	1242
-0.048;1.136	-1.256;0.550	000001010010100	0.132	0.667	2	228.93	399979	398165	1.00		38	890
-0.038;1.378	-0.906;-0.025	000001011001101	0.270	0.770	1	235.51	399941	398189	1.00		13	532
-0.691;0.624	-0.087;0.113	101001011011101	0.263	0.766	1	253.45	398191	398191	1.00		0	200
-1.388;0.350	0.598;1.003	100000000010010	0.098	0.629	1	173.44	399949	398193	1.00		10	80
0.497;4.110	-0.507;0.336	000001000010000	0.262	0.765	1	195.60	399977	398228	1.00		45	140
0.031;5.462	-0.651;0.677	000001000010000	0.069	0.585	2	237.54	399977	398228	1.00		61	664
-2.033;-0.159	-1.613;-0.058	100100001100000	0.038	0.520	1	229.74	399629	398231	1.00		8	423
-0.218;0.745	#	000001011011101	0.166	0.698	1	236.04	399986	398238	0.50		93	1134
-0.558;0.375	-0.888;0.878	001001011011101	0.116	0.650	1	246.74	399830	398252	1.00		5	1217
#	-0.047;1.102	100001010010010	0.086	0.612	1	192.66	399947	398255	0.50		84	704
-0.274;1.056	0.836;1.001	000001100010000	0.000	0.067	1	136.85	398273	398273	1.00		0	12
-0.587;0.254	-1.058;0.356	100001011011101	0.227	0.743	1	259.83	399982	398281	1.00		71	863
-0.458;1.326	0.642;2.530	000010000010000	0.232	0.746	1	151.92	399983	398293	1.00		45	108
#	-1.212;-0.157	000001001101000	0.050	0.550	1	232.05	399729	398331	0.50		6	842
#	-0.420;0.299	000001011011101	0.153	0.687	1	238.94	399986	398333	0.50		73	864
-0.839;0.228	-2.026;0.020	001001001001000	0.053	0.556	1	241.75	399788	398346	1.00		5	744
0.497;4.567	-0.651;0.677	000001000010000	0.243	0.753	1	192.24	399977	398350	1.00		55	176
-0.717;0.274	-1.336;-0.186	001001001000100	0.056	0.561	1	246.59	399749	398351	1.00		8	573
#	-0.499;0.380	100001011011100	0.204	0.728	1	230.40	399998	398360	0.50		144	995
-0.227;0.592	0.873;0.983	000001110010000	0.000	0.000	1	138.40	398365	398365	1.00		0	10
0.109;1.136	#	000001010010100	0.115	0.649	1	210.68	399979	398394	0.50		34	625
0.017;1.369	0.311;1.193	000000000010000	0.041	0.529	1	172.86	399978	398428	1.00		10	182
-0.916;0.360	-0.858;0.024	001101011011100	0.093	0.622	2	243.74	399840	398442	1.00		3	798
-0.227;0.592	#	000001110010000	0.035	0.511	2	237.93	399887	398446	0.50		11	943
-0.227;0.592	0.030;1.313	000001110010000	0.085	0.610	1	210.33	399887	398446	1.00		11	388
-0.357;0.900	-0.543;2.072	000001010010000	0.093	0.622	1	235.80	399995	398451	1.00		42	967
-1.797;-0.371	#	100100000100000	0.029	0.494	1	210.29	399969	398496	0.50		19	316
-0.820;0.226	-0.499;0.287	100001011011100	0.249	0.757	1	246.03	399998	398499	1.00		129	587
-0.218;0.601	-1.342;1.041	000001011011101	0.175	0.706	1	237.08	399986	398519	1.00		75	890
#	-0.945;0.283	100101001101000	0.039	0.524	1	232.44	399929	398531	0.50		17	1154
0.141;0.711	0.554;1.224	000010000000000	0.035	0.511	1	160.64	399967	398536	1.00		9	73
#	-1.092;-0.371	000001001001101	0.100	0.631	1	223.86	399992	398565	0.50		68	475
#	-0.890;-0.028	000001001001101	0.084	0.609	1	232.33	399992	398565	0.50		68	851
-1.052;0.219	-0.588;-0.013	100101001111000	0.112	0.645	1	251.38	399985	398587	1.00		4	440
-1.000;0.300	-0.724;0.042	100101001111000	0.088	0.615	1	246.71	399985	398587	1.00		4	636
-0.391;0.143	-1.921;-0.200	001001001000000	0.066	0.580	1	261.47	399989	398591	1.00		14	288
-0.406;0.755	#	000001001001101	0.051	0.552	1	237.34	399992	398594	0.50		65	1090
#	-1.364;-0.095	000001001001101	0.085	0.611	1	232.79	399992	398594	0.50		65	772
-1.064;0.231	0.061;1.179	100001000000010	0.053	0.557	1	210.41	399618	398602	1.00		3	293
-0.399;0.229	0.119;1.102	100001010010010	0.296	0.784	1	216.02	399947	398625	1.00		69	218
-2.033;-0.159	#	100100001100000	0.020	0.459	1	216.26	399629	398635	0.50		7	495
-1.103;0.287	-1.084;0.181	001101001101000	0.043	0.532	1	241.58	399818	398641	1.00		11	760
0.074;1.159	-0.612;0.327	000001010010000	0.134	0.669	1	237.70	399995	398653	1.00		23	353
0.359;0.969	-0.543;2.072	000001010010000	0.184	0.713	1	186.66	399948	398653	1.00		23	225
#	-0.988;-0.087	000001001000101	0.052	0.554	2	232.83	399987	398654	0.50		9	752
-0.449;0.959	#	100001011011100	0.140	0.675	1	225.47	399998	398672	0.50		112	1109
-0.021;0.739	#	100001011011000	0.101	0.632	1	232.81	399991	398695	0.50		16	606
-0.707;0.265	#	100001011011000	0.118	0.653	1	234.52	399991	398695	0.50		21	881
-1.496;0.066	0.467;0.984	000000000010010	0.220	0.739	1	190.71	399953	398713	1.00		22	63
-0.976;0.243	-0.381;0.283	110001001011000	0.170	0.702	2	250.32	399972	398773	1.00		9	419
0.109;0.813	-0.873;0.550	000001010010100	0.183	0.712	1	239.43	399979	398774	1.00		25	378
-1.702;0.479	-0.685;0.025	100101001101000	0.064	0.577	1	249.17	399929	398777	1.00		13	568
0.018;0.856	#	000001011010101	0.152	0.686	1	232.61	399904	398818	0.50		18	532
0.091;0.137	-0.499;0.287	100001011011100	0.638	0.914	1	292.32	399883	398836	1.00		3	21
-0.823;0.377	-0.803;-0.017	001001011011100	0.122	0.657	1	248.44	399545	398846	1.00		2	538
#	-0.592;0.728	001001011001101	0.032	0.502	2	232.23	399667	398855	0.50		6	928
-0.722;1.332	#	001001011001101	0.038	0.520	2	220.65	399667	398855	0.50		6	1106
#	-1.660;0.235	000001011011100	0.128	0.663	1	230.49	399993	398857	0.50		43	886
-0.252;1.714	-0.478;0.288	000001011011100	0.426	0.843	1	243.49	399993	398857	1.00		43	450
#	-1.468;-0.095	000001001001101	0.088	0.615	1	232.79	399992	398861	0.50		57	628
-0.439;0.180	#	000001001001101	0.063	0.575	1	250.54	399992	398861	0.50		25	547
0.354;1.217	-0.003;0.572	000001010010000	0.408	0.836	1	188.33	399914	398862	1.00		14	64
-0.394;0.330	-0.237;1.047	100001010010010	0.137	0.672	1	236.02	399947	398871	1.00		54	382
-0.707;0.739	-0.415;1.395	100001011011000	0.144	0.679	1	222.91	399991	398891	1.00		17	741
-0.599;0.350	0.199;1.003	100000000010010	0.079	0.602	1	203.08	399949	398892	1.00		6	192
#	-0.381;0.411	110001001011000	0.112	0.646	1	232.81	399972	398901	0.50		8	564
-0.274;1.056	#	000001100010000	0.019	0.454	1	223.80	399958	398904	0.50		30	807
-0.518;0.187	-1.009;0.056	001001001001100	0.167	0.699	1	263.63	399882	398943	1.00		9	387
-0.923;-0.389	-1.033;-0.152	000100000100000	0.042	0.531	1	216.20	399997	398964	1.00		7	133
0.660;3.357	#	000001000000000	0.134	0.669	1	157.75	399994	398969	0.50		16	62
#	-0.382;0.964	000001011011000	0.087	0.613	1	217.23	399870	399060	0.50		14	641
0.280;1.136	#	000001010010100	0.121	0.655	1	194.21	399979	399067	0.50		20	248
#	-1.256;0.550	000001010010100	0.037	0.518	1	226.45	399979	399067	0.50		20	851
0.240;0.736	-0.988;0.238	000001001000101	0.123	0.658	1	235.08	399987	399081	1.00		7	171
#	-0.167;0.361	100001011011100	0.247	0.756	1	222.37	399998	399111	0.50		63	289
-0.138;0.226	-1.487;0.408	100001011011100	0.350	0.811	1	271.47	399931	399111	1.00		32	213
-0.916;0.360	-0.858;-0.846	001101011011100	0.010	0.400	1	183.00	399141	399141	1.00		0	2
#	-1.107;-0.264	000001001001101	0.088	0.615	2	230.74	399992	399167	0.50		39	350
-0.266;0.877	-1.098;-0.095	000001001001101	0.238	0.750	1	246.40	399992	399167	1.00		39	299
1.094;1.273	-0.543;0.769	000001010010000	0.013	0.662	1	243.52	399215	399215	1.00		0	0
-0.252;1.714	-0.498;0.288	000001011011100	0.412	0.837	1	243.61	399993	399224	1.00		27	304
0.136;1.307	-0.478;0.308	000001011011100	0.346	0.809	1	225.03	399993	399224	1.00		23	160
-1.150;0.241	-0.618;0.053	100101001101000	0.081	0.605	1	248.22	399929	399230	1.00		9	291
-0.855;-0.055	-0.618;0.053	100101001101000	0.112	0.646	1	239.47	399929	399230	1.00		9	199
-0.038;0.762	-0.445;-0.025	000001011001101	0.353	0.812	1	272.42	399242	399242	1.00		0	121
-1.044;-0.091	#	110001001001000	0.044	0.536	1	219.39	399951	399252	0.50		17	311
-1.443;-0.098	-0.516;0.726	110001001001000	0.060	0.570	1	223.47	399951	399252	1.00		17	241
#	-1.247;-0.095	000001001001101	0.082	0.606	1	232.79	399992	399264	0.50		36	405
0.109;1.028	-0.497;0.328	000001010010100	0.279	0.775	1	226.03	399979	399280	1.00		15	157
-0.174;0.620	#	000001011011101	0.180	0.709	1	237.22	399986	399287	0.50		36	408
-0.170;0.745	-0.420;0.055	000001011011101	0.543	0.885	1	266.58	399986	399287	1.00		30	150
-0.021;0.739	-0.415;1.395	100001011011000	0.133	0.668	1	222.77	399991	399292	1.00		9	250
-0.449;0.494	-0.728;0.422	100001011011100	0.334	0.803	1	255.33	399998	399299	1.00		59	369
-0.170;0.620	-1.194;0.221	000001011011101	0.425	0.843	1	255.04	399986	399313	1.00		35	276
-0.641;0.254	-1.921;-0.200	001001001000000	0.047	0.542	1	253.94	399989	399322	1.00		5	211
-0.691;0.624	-0.922;0.154	101001011011101	0.174	0.705	1	245.67	399928	399356	1.00		3	394
0.104;1.018	-1.106;0.159	000001010000100	0.090	0.618	1	226.94	399357	399357	1.00		1	168
-0.882;0.146	#	100001000010010	0.022	0.464	2	227.65	399970	399360	0.50		17	398
-1.247;-0.098	#	110001001001000	0.047	0.543	1	219.40	399951	399391	0.50		14	254
0.284;0.836	-0.886;-0.388	000001000000100	0.095	0.625	1	230.87	399599	399403	1.00		2	40
#	-1.482;-0.044	000001001100000	0.023	0.469	2	232.33	399855	399434	0.50		3	337
-0.888;0.445	-1.105;-0.377	001001001000100	0.076	0.597	1	234.89	399749	399436	1.00		3	150
#	-2.585;-0.200	001001001000000	0.023	0.469	1	232.14	399989	399444	0.50		3	261
0.031;5.462	-0.955;0.677	000001000010000	0.056	0.561	1	228.45	399977	399446	1.00		16	236
-0.038;0.762	-0.427;-0.025	000001011001101	0.359	0.815	1	271.96	399454	399454	1.00		0	85
0.284;0.836	-1.231;0.091	000001000000100	0.057	0.563	1	231.69	399599	399474	1.00		1	80
#	-0.237;1.047	100001010010010	0.073	0.593	1	208.91	399947	399500	0.50		24	281
0.413;3.357	-0.982;-0.484	000001000000000	0.239	0.751	1	176.91	399994	399516	1.00		8	15
-0.882;0.146	-0.300;0.972	100001000010010	0.078	0.601	1	226.38	399970	399521	1.00		10	167
-0.299;0.900	-1.107;-0.264	000001001001101	0.270	0.770	2	240.15	399992	399524	1.00		27	134
-1.855;0.256	-0.757;0.627	100001001011000	0.104	0.636	1	236.96	399835	399531	1.00		2	291
-0.227;0.823	-1.630;-0.531	000001001000100	0.249	0.757	1	230.51	399942	399541	1.00		5	57
#	-0.138;1.185	000001000010010	0.036	0.514	1	196.53	399558	399558	0.50		0	209
-0.266;0.877	-1.092;-0.095	000001001001101	0.260	0.764	1	246.40	399992	399560	1.00		25	158
-0.983;0.370	#	100001000010010	0.015	0.432	1	233.83	399970	399579	0.50		7	341
-0.518;0.473	#	100001000010010	0.020	0.455	1	238.38	399970	399579	0.50		7	315
-1.702;0.479	-0.685;0.071	100101001101000	0.066	0.580	1	247.28	399929	399582	1.00		3	210
-1.624;0.479	-0.657;0.025	100101001101000	0.065	0.579	1	250.51	399929	399582	1.00		3	193
-0.087;1.100	-0.774;0.100	000001011010101	0.273	0.772	1	234.67	399904	399605	1.00		5	143
-0.575;0.010	-1.370;0.028	001001001001101	0.129	0.664	1	252.09	399950	399609	1.00		10	112
#	-0.874;1.747	110101001001000	0.019	0.451	1	220.31	399876	399615	0.50		5	379
0.938;1.186	-0.688;-0.190	000001011010100	0.004	0.333	1	158.00	399623	399623	1.00		0	1
-2.033;-0.425	-0.729;-0.058	100100001100000	0.094	0.623	1	217.42	399629	399629	1.00		0	39
-0.144;0.601	-0.622;0.336	000001011011101	0.490	0.867	1	263.73	399986	399660	1.00		20	118
-0.970;-0.436	-0.924;0.514	110100000000000	0.016	0.435	2	200.15	399990	399680	1.00		2	53
-0.666;0.315	#	101001011011100	0.121	0.656	1	238.65	399903	399693	0.50		2	215
#	-0.922;0.113	101001011011101	0.095	0.625	1	230.55	399928	399711	0.50		1	205
-0.805;-0.215	-1.482;-0.044	000001001100000	0.038	0.519	1	228.06	399855	399737	1.00		1	64
-1.748;0.228	-1.341;0.020	001001001001000	0.044	0.535	1	241.75	399788	399744	1.00		1	121
-1.787;0.195	-1.348;0.013	001001001101000	0.050	0.549	1	241.72	399927	399746	1.00		4	116
-0.301;0.804	-1.098;-0.371	000001001001101	0.305	0.789	1	248.53	399992	399747	1.00		14	56
0.054;1.087	-0.543;2.072	000001010010000	0.138	0.672	1	220.32	399995	399751	1.00		10	92
0.074;1.273	#	000001010010000	0.093	0.622	1	211.70	399995	399751	0.50		10	105
#	-1.341;0.020	001001001001000	0.032	0.502	1	231.37	399788	399788	0.50		0	145
-0.056;0.839	0.277;0.810	000001100010000	0.161	0.694	1	199.28	399958	399802	1.00		6	22
-1.103;-0.322	#	110000000000000	0.002	0.301	1	211.09	399965	399813	0.50		4	45
#	-1.098;-0.991	000001001001101	0.010	0.633	1	221.49	399814	399814	0.50		0	0
-0.216;1.060	-0.671;0.114	000001011010100	0.280	0.775	1	251.16	399902	399822	1.00		1	71
0.198;1.188	0.311;1.193	000000000010000	0.038	0.519	1	163.68	399978	399826	1.00		2	16
-0.144;0.813	-0.391;0.126	000001011011101	0.437	0.848	1	260.44	399986	399832	1.00		6	40
-0.309;0.744	-0.849;0.299	000001011011101	0.348	0.810	1	251.23	399986	399832	1.00		9	90
-0.887;0.332	-0.615;0.286	100101011011100	0.180	0.709	1	250.66	399854	399854	1.00		0	73
-0.587;0.315	-0.800;0.356	100001011011101	0.315	0.794	1	262.15	399982	399875	1.00		4	59
-0.394;0.496	0.119;0.771	100001010010010	0.182	0.711	1	212.50	399947	399886	1.00		3	22
0.224;0.330	-0.047;0.771	100001010010010	0.046	0.541	1	216.29	399886	399886	1.00		0	7
#	#	001101011001100	0.014	0.426	1	220.31	399937	399937	0.00		1	63
-0.774;-0.098	-0.613;0.538	110001001001000	0.028	0.488	1	227.90	399951	399951	1.00		0	16
-0.855;0.116	#	110101001011000	0.044	0.535	1	224.94	399964	399964	0.50		0	19
0.141;0.675	0.518;0.554	000010000000000	0.004	0.516	1	163.42	399967	399967	1.00		0	0
#	-0.312;-0.013	100101001111000	0.056	0.562	1	250.33	399985	399985	0.50		0	3
-0.190;0.240	-0.988;-0.087	000001001000101	0.208	0.730	1	252.50	399987	399987	1.00		0	2
-0.970;-0.436	#	110100000000000	0.018	0.450	1	187.00	399990	399990	0.50		0	2
-0.822;0.302	#	100001011011100	0.024	0.748	1	238.23	399998	399998	0.50		0	0
