att1	att2	Phenotype	Fitness	Accuracy	Numerosity	AveMatchSetSize	TimeStampGA	InitTimeStamp	Specificity	DeletionProb	CorrectCount	MatchCount
-0.708;0.465	#	111	0.495	0.869	1	126.27	199983	39030	0.50		107009	142984
#	-0.475;0.556	111	0.901	0.979	12	129.41	199983	51463	0.50		104708	109387
#	-1.364;-0.429	100	0.290	0.781	1	111.27	199987	90595	0.50		11281	21938
#	-0.475;0.479	111	0.898	0.979	1	129.91	199983	99862	0.50		64559	67429
#	-0.619;-0.488	110	0.708	0.933	10	106.88	199954	100951	0.50		5675	7094
0.443;0.847	-0.321;0.695	101	0.212	0.733	2	91.08	199825	113504	1.00		1239	6196
-0.505;0.125	0.514;1.431	011	0.402	0.833	1	113.33	199889	125845	1.00		2123	4246
#	0.628;1.833	001	1.000	1.000	2	109.09	199992	129517	0.50		4241	4241
0.580;1.010	-2.741;-0.326	100	1.000	1.000	1	90.74	199987	131428	1.00		589	589
0.443;0.847	#	101	0.176	0.706	3	94.62	199825	131652	0.50		979	8222
-0.505;0.260	0.514;1.431	011	0.370	0.819	1	113.36	199991	132127	1.00		2138	4664
#	0.514;1.431	011	0.240	0.752	1	103.95	199991	133055	0.50		2300	9013
#	-2.833;-0.604	100	1.000	1.000	3	116.70	199987	133791	0.50		6445	6445
#	0.637;2.363	001	1.000	1.000	1	108.78	199944	135263	0.50		3522	3522
-0.708;0.495	#	111	0.479	0.863	2	126.21	199983	140787	0.50		39708	53615
#	0.628;2.363	001	1.000	1.000	3	109.09	199992	144802	0.50		3321	3321
-0.412;0.519	0.580;0.734	011	0.524	0.879	1	104.80	199991	148177	1.00		1039	1632
-0.678;0.084	-0.619;-0.488	110	1.000	1.000	2	116.93	199954	149319	1.00		1597	1597
-0.576;0.055	-0.619;0.009	110	0.194	0.721	1	130.05	199954	149401	1.00		1739	10726
-0.708;0.465	-0.475;0.556	111	1.000	1.000	2	130.38	199983	150018	1.00		32942	32942
#	0.628;2.963	001	1.000	1.000	4	109.09	199992	150256	0.50		2992	2992
-0.482;0.485	#	111	0.488	0.866	1	126.69	199968	152139	0.50		24958	33872
#	0.628;3.094	001	1.000	1.000	1	109.09	199992	154095	0.50		2761	2761
-0.412;0.519	0.580;2.181	011	0.307	0.789	1	105.41	199991	154621	1.00		910	2470
-0.412;0.519	#	011	0.077	0.599	3	126.19	199991	157660	0.50		1211	28629
-0.801;1.248	-3.253;-0.604	100	1.000	1.000	2	116.70	199987	157951	1.00		4092	4092
#	0.580;0.734	011	0.402	0.833	5	106.54	199991	159376	0.50		930	1861
-0.678;0.610	-0.619;-0.488	110	0.858	0.970	4	109.77	199954	159583	1.00		2315	2546
-1.724;-0.631	-0.629;0.722	101	0.132	0.667	2	106.14	199720	159934	1.00		114	2984
#	-3.253;-0.604	100	1.000	1.000	2	116.70	199987	161750	0.50		3721	3721
-0.643;0.465	#	111	0.495	0.869	2	127.06	199983	163048	0.50		23089	30918
0.443;0.847	-0.321;1.057	101	0.194	0.720	2	94.17	199825	163062	1.00		529	3281
#	-3.164;-0.429	100	0.290	0.781	1	111.27	199987	163187	0.50		3793	7378
-0.976;0.740	-2.170;-0.623	100	1.000	1.000	3	117.59	199985	163884	1.00		3100	3100
-1.814;0.783	0.628;3.094	001	1.000	1.000	4	109.09	199992	164914	1.00		2110	2110
#	-3.370;-0.604	100	1.000	1.000	1	116.70	199987	165629	0.50		3344	3344
-0.666;-0.154	-0.619;-0.488	110	1.000	1.000	2	117.55	199924	165673	1.00		589	589
#	-0.321;0.722	101	0.124	0.658	2	126.39	199825	166216	0.50		579	23240
#	-1.101;-0.377	100	0.207	0.730	1	111.72	199987	166422	0.50		3463	7599
0.171;0.719	-2.166;-0.617	100	1.000	1.000	1	113.46	199953	166548	1.00		1053	1053
-0.272;0.666	-4.183;-0.598	100	1.000	1.000	6	120.83	199953	166877	1.00		1707	1707
-0.039;0.971	-1.033;-0.521	100	0.517	0.876	1	110.57	199987	166946	1.00		1608	2555
-0.505;0.260	0.514;1.552	011	0.370	0.819	4	113.36	199991	167432	1.00		1024	2234
#	0.514;1.552	011	0.240	0.752	1	103.95	199991	167781	0.50		1105	4337
-0.505;0.519	0.514;1.611	011	0.279	0.775	1	103.32	199991	167910	1.00		1103	3403
-0.659;0.084	-1.067;-0.619	110	0.132	0.667	1	121.23	169940	169940	1.00		0	1552
-0.678;0.082	-0.619;-0.488	110	1.000	1.000	4	116.93	199954	170289	1.00		936	936
-0.412;0.519	0.190;0.580	011	0.147	0.681	1	122.01	199833	170573	1.00		252	5735
-0.659;-0.154	-0.619;-0.488	110	1.000	1.000	1	117.55	199924	170608	1.00		504	504
-1.290;1.355	-0.895;-0.454	100	0.358	0.814	1	109.85	199987	170931	1.00		2749	5080
-0.643;0.495	-0.544;-0.067	111	0.887	0.976	1	128.36	199983	171302	1.00		7564	8141
0.315;1.373	-0.646;0.007	101	0.121	0.655	1	97.09	199707	171438	1.00		163	2454
#	-3.614;-0.604	100	1.000	1.000	3	116.70	199987	171459	0.50		2774	2774
-0.701;-0.095	-2.898;-0.617	100	1.000	1.000	1	118.87	199985	171740	1.00		1212	1212
-0.598;0.260	0.514;0.592	011	0.402	0.833	2	115.41	199889	171913	1.00		402	804
#	1.073;1.549	001	0.100	1.000	1	123.69	172497	172497	0.50		0	0
-0.781;-0.204	-0.462;0.531	111	0.890	0.977	1	131.03	199983	173017	1.00		7505	7814
#	0.642;2.363	001	1.000	1.000	1	108.78	199944	173024	0.50		1467	1467
0.544;0.847	#	101	0.317	0.794	1	77.31	199825	173301	0.50		380	991
0.580;1.010	#	100	0.286	0.778	3	78.22	199987	173308	0.50		306	686
-1.290;0.927	-1.250;-0.377	100	0.208	0.730	1	111.72	199987	173370	1.00		2747	6024
-0.678;0.572	-0.619;0.133	110	0.176	0.707	1	131.01	199954	173756	1.00		1655	13162
0.443;2.155	-0.321;0.722	101	0.205	0.728	1	93.35	199825	173881	1.00		374	2020
-0.678;-0.070	#	110	0.107	0.639	1	130.97	199954	174128	0.50		741	12528
-1.724;-0.631	#	101	0.132	0.666	4	105.94	199720	174243	0.50		73	1992
#	0.580;2.181	011	0.251	0.759	1	104.82	199991	174514	0.50		584	2118
-0.667;0.386	-0.475;0.556	111	1.000	1.000	3	132.17	199983	174540	1.00		14809	14809
-0.643;0.465	-1.138;0.474	111	0.590	0.900	1	129.09	199983	174597	1.00		14644	18132
#	0.628;2.382	001	1.000	1.000	3	109.09	199992	175236	0.50		1490	1490
#	-0.475;0.556	111	0.901	0.979	3	129.41	199983	175773	0.50		17084	17845
-0.678;-0.070	-0.619;-0.488	110	1.000	1.000	2	117.10	199954	175964	1.00		551	551
-1.156;-0.261	#	101	0.107	0.640	1	124.04	199720	175988	0.50		68	9285
-0.973;0.084	-0.619;-0.488	110	0.769	0.949	2	112.33	199954	176571	1.00		738	872
-0.910;-0.477	0.628;2.382	001	1.000	1.000	2	111.72	199992	176609	1.00		402	402
-0.505;0.125	#	011	0.082	0.606	2	131.71	199889	177553	0.50		640	10350
-0.708;0.495	-0.475;0.556	111	1.000	1.000	1	130.22	199983	177742	1.00		14808	14808
-1.102;-0.668	#	100	0.078	0.600	10	94.74	199970	177907	0.50		317	950
#	-2.037;-0.604	100	1.000	1.000	1	116.70	199987	178315	0.50		2114	2114
-0.412;0.125	0.514;1.169	011	0.402	0.834	1	113.80	199889	178571	1.00		490	979
#	-0.475;0.283	111	0.898	0.979	1	131.36	199983	178728	0.50		10971	11459
0.443;1.373	-0.321;1.198	101	0.194	0.720	1	94.17	199825	178767	1.00		304	1886
-0.658;1.227	-3.370;-0.604	100	1.000	1.000	1	117.06	199987	178772	1.00		2000	2000
-1.102;-0.668	-1.011;-0.222	100	0.132	0.667	2	96.94	199894	178807	1.00		182	484
-0.976;0.740	-2.796;-0.604	100	1.000	1.000	1	116.70	199987	179335	1.00		2013	2013
-1.032;-0.210	-0.351;0.556	111	0.883	0.975	1	130.95	199983	179437	1.00		5361	5597
#	-4.183;-0.604	100	1.000	1.000	4	116.70	199987	179567	0.50		1985	1985
-0.708;0.475	-0.351;0.556	111	1.000	1.000	2	130.43	199983	179661	1.00		12189	12189
-0.412;0.519	0.580;2.535	011	0.307	0.789	1	105.41	199991	179749	1.00		406	1102
-0.932;-0.485	#	101	0.122	0.657	1	116.85	199720	179827	0.50		57	4043
-0.720;0.465	-0.170;0.556	111	1.000	1.000	2	130.12	199968	179861	1.00		9006	9006
-0.505;0.385	#	011	0.078	0.601	1	128.31	199991	179936	0.50		689	13048
-0.678;0.247	-0.619;-0.488	110	0.820	0.961	1	112.92	199954	179977	1.00		861	975
-0.643;0.495	-0.586;0.556	111	0.892	0.977	1	129.52	199983	180112	1.00		12480	13392
0.583;1.373	-0.321;0.271	101	0.553	0.888	1	71.97	199707	180163	1.00		113	170
0.443;0.690	-0.321;0.641	101	0.212	0.733	2	91.08	199825	180163	1.00		284	1421
#	-0.619;0.009	110	0.179	0.709	2	126.07	199954	180387	0.50		1237	8372
-0.708;0.899	-0.475;0.556	111	0.942	0.988	1	129.96	199983	180536	1.00		13729	14119
0.580;0.927	-1.250;0.095	100	0.557	0.890	1	82.23	199987	180986	1.00		218	326
#	0.194;0.556	111	0.925	0.985	1	122.57	199968	181091	0.50		4498	4660
-1.690;0.888	0.642;2.963	001	1.000	1.000	1	108.78	199944	181398	1.00		1012	1012
#	0.628;2.917	001	1.000	1.000	3	109.09	199992	181398	0.50		1119	1119
-1.690;0.888	0.628;2.263	001	1.000	1.000	1	109.09	199992	181571	1.00		1106	1106
-2.122;0.783	0.628;1.549	001	1.000	1.000	2	109.09	199992	181636	1.00		1104	1104
0.443;2.155	#	101	0.175	0.706	2	94.62	199825	181677	0.50		260	2202
-0.708;0.994	-0.351;0.556	111	0.950	0.990	1	129.90	199983	181781	1.00		11644	11956
#	-0.351;0.292	111	0.902	0.980	1	131.22	199983	181901	0.50		8144	8508
#	-3.518;-0.604	100	1.000	1.000	1	116.70	199987	181953	0.50		1753	1753
0.443;0.847	-0.321;0.722	101	0.205	0.728	1	93.35	199825	181983	1.00		257	1395
-0.505;0.519	#	011	0.075	0.596	1	126.72	199991	182410	0.50		603	13508
-0.659;0.183	-0.619;-0.488	110	0.784	0.953	1	117.69	199954	182474	1.00		603	703
#	-2.898;-0.602	100	1.000	1.000	1	116.70	199987	182476	0.50		1707	1707
-0.643;0.229	0.047;0.576	111	0.929	0.985	1	131.29	199896	182735	1.00		4302	4499
-0.412;0.125	#	011	0.088	0.615	1	131.87	199889	183295	0.50		381	6170
-0.367;0.610	-0.619;-0.488	110	0.828	0.963	1	109.59	199954	183382	1.00		760	855
#	0.514;1.169	011	0.240	0.752	1	103.95	199991	183457	0.50		567	2227
-0.598;0.125	0.514;0.592	011	0.449	0.852	2	111.38	199889	183486	1.00		235	423
#	-2.833;-0.326	100	0.143	0.677	1	113.05	199987	183584	0.50		1740	4372
-0.393;0.487	#	111	0.499	0.870	1	126.64	199968	183864	0.50		7584	10219
-0.678;-0.154	#	110	0.102	0.634	2	131.02	199931	184340	0.50		359	6367
-0.643;0.335	-0.475;0.556	111	1.000	1.000	1	132.59	199983	184628	1.00		8281	8281
0.159;0.780	0.637;1.549	001	1.000	1.000	1	97.77	199944	184937	1.00		388	388
#	-0.318;0.556	111	0.919	0.983	2	129.21	199983	184986	0.50		9036	9380
-1.290;1.227	-2.833;-0.604	100	1.000	1.000	2	116.70	199987	185268	1.00		1435	1435
#	0.900;1.356	001	0.100	1.000	1	119.30	185334	185334	0.50		0	0
-0.667;0.021	-0.475;0.556	111	1.000	1.000	1	132.97	199983	185445	1.00		5510	5510
0.102;0.463	-0.351;0.556	111	1.000	1.000	1	124.29	199968	185860	1.00		2843	2843
#	-0.957;-0.429	100	0.291	0.781	2	111.27	199987	185934	0.50		1451	2819
-2.744;0.783	0.628;1.252	001	1.000	1.000	1	109.09	199992	185984	1.00		843	843
#	-0.475;0.474	111	0.897	0.979	1	129.91	199983	186076	0.50		8939	9339
#	0.439;2.963	001	0.091	0.619	1	110.14	199992	186108	0.50		833	2546
#	-2.898;-0.734	100	1.000	1.000	1	118.35	199985	186358	0.50		704	704
0.159;0.888	0.628;2.263	001	1.000	1.000	2	99.82	199944	186552	1.00		384	384
-0.619;0.021	-0.475;0.556	111	1.000	1.000	1	134.26	199983	186574	1.00		4545	4545
#	-3.253;-0.734	100	1.000	1.000	1	118.35	199985	187096	0.50		664	664
0.080;0.873	-3.532;-0.598	100	1.000	1.000	1	115.68	199987	187188	1.00		549	549
-0.571;-0.023	0.628;3.037	001	1.000	1.000	1	122.37	199872	187308	1.00		254	254
#	0.628;1.319	001	1.000	1.000	1	109.09	199992	187569	0.50		747	747
-0.643;0.495	#	111	0.477	0.863	1	126.98	199983	187712	0.50		7749	10494
#	0.642;2.963	001	1.000	1.000	2	108.78	199944	187825	0.50		662	662
-1.690;0.888	0.714;2.963	001	1.000	1.000	1	104.30	199895	188174	1.00		474	474
-0.585;0.463	-0.475;0.556	111	1.000	1.000	1	130.68	199983	188192	1.00		6948	6948
-0.708;0.386	-0.351;-0.065	111	1.000	1.000	1	132.11	199983	188258	1.00		2190	2190
-0.708;0.475	-0.804;0.556	111	0.668	0.922	1	129.66	199983	188258	1.00		7778	9220
#	-1.250;-0.429	100	0.290	0.781	2	111.27	199987	188315	0.50		1201	2338
-0.412;0.260	0.580;0.734	011	0.649	0.917	1	107.69	199991	188343	1.00		200	266
#	0.514;0.734	011	0.296	0.784	4	105.35	199991	188372	0.50		397	1131
-1.290;1.355	-1.364;-0.429	100	0.291	0.781	1	111.27	199987	188377	1.00		1199	2329
-0.667;0.495	-0.475;0.556	111	1.000	1.000	1	130.22	199983	188384	1.00		7530	7530
-0.598;0.260	0.514;1.431	011	0.356	0.813	2	112.35	199991	188619	1.00		357	811
-0.658;0.740	-2.833;-0.617	100	1.000	1.000	1	117.59	199985	188641	1.00		971	971
-0.598;0.273	#	011	0.074	0.595	1	128.50	199991	188665	0.50		356	7374
-0.708;0.438	-0.307;0.929	111	0.716	0.935	1	127.16	199983	188668	1.00		6146	7020
-0.804;-0.054	#	011	0.067	0.582	1	128.70	199889	188895	0.50		253	5759
-0.643;0.465	-0.251;0.556	111	1.000	1.000	1	130.74	199983	188973	1.00		5440	5440
-0.708;0.465	-0.302;0.021	111	1.000	1.000	1	133.98	199983	189017	1.00		2239	2239
-0.643;0.463	-0.501;0.258	111	0.969	0.994	1	132.60	199983	189106	1.00		4872	4967
-0.667;0.386	#	111	0.505	0.872	1	128.26	199983	189198	0.50		6345	8479
-0.570;0.151	#	011	0.070	0.588	1	131.15	199889	189244	0.50		306	5945
-1.156;-0.631	-0.629;0.722	101	0.131	0.666	1	106.14	199720	189250	1.00		30	800
0.580;1.877	#	100	0.288	0.779	1	78.22	199987	189362	0.50		122	272
-0.708;0.485	-0.351;0.556	111	1.000	1.000	1	130.43	199983	189565	1.00		6254	6254
-0.250;0.587	-0.302;0.556	111	0.974	0.995	1	124.65	199968	189565	1.00		3772	3832
-1.290;1.248	-2.833;-0.292	100	0.111	0.644	1	113.53	199987	189626	1.00		1095	3116
#	-3.532;-0.604	100	1.000	1.000	2	116.70	199987	189670	0.50		1001	1001
0.125;0.976	#	101	0.119	0.653	1	113.65	199825	189704	0.50		145	3717
#	-3.614;-0.598	100	1.000	1.000	1	116.70	199987	189710	0.50		998	998
0.580;0.927	-0.425;0.095	100	0.289	0.780	1	71.97	199856	189711	1.00		30	88
-0.643;0.021	-0.475;0.556	111	1.000	1.000	1	133.95	199983	189937	1.00		3579	3579
-2.419;-0.602	#	101	0.131	0.666	1	107.34	199720	189948	0.50		28	920
-0.614;0.954	-2.833;-0.617	100	1.000	1.000	1	117.59	199985	190181	1.00		845	845
#	0.487;0.734	011	0.250	0.758	1	105.75	199991	190686	0.50		319	1064
-0.678;0.877	-0.619;-0.488	110	0.800	0.956	2	108.95	199954	190700	1.00		531	611
-0.708;0.465	-0.351;0.556	111	1.000	1.000	1	130.43	199983	190741	1.00		5552	5552
-0.678;0.442	-0.619;-0.488	110	0.859	0.970	2	109.77	199954	190971	1.00		517	568
-0.708;0.994	#	111	0.449	0.852	1	125.30	199983	191083	0.50		6343	8789
-1.256;-1.102	#	100	0.008	0.599	1	95.94	191356	191356	0.50		0	0
-0.571;-0.023	0.628;2.363	001	1.000	1.000	1	122.37	199872	191496	1.00		170	170
-0.643;0.462	-0.475;0.556	111	1.000	1.000	1	130.59	199983	191595	1.00		5205	5205
-0.412;0.737	0.580;0.734	011	0.473	0.861	2	104.21	199991	191964	1.00		161	276
-0.667;0.465	-0.475;0.556	111	1.000	1.000	1	130.38	199983	192180	1.00		5026	5026
-2.122;0.783	0.533;1.252	001	0.240	0.752	1	106.69	199992	192314	1.00		462	946
#	0.514;0.592	011	0.244	0.754	2	106.39	199889	192458	0.50		108	411
-0.708;0.463	-0.475;0.556	111	1.000	1.000	2	130.38	199983	192466	1.00		4972	4972
-0.643;0.010	#	111	0.470	0.860	1	131.38	199983	192466	0.50		2660	3628
-2.122;0.783	0.637;1.549	001	1.000	1.000	1	108.78	199944	192485	1.00		408	408
0.233;0.608	0.628;2.363	001	1.000	1.000	1	99.72	199944	192485	1.00		171	171
#	0.580;1.611	011	0.251	0.759	1	104.82	199991	192500	0.50		171	620
0.160;0.924	-0.475;0.556	111	0.837	0.965	1	118.04	199968	192710	1.00		1653	1800
-0.570;0.260	0.514;2.181	011	0.355	0.813	1	112.35	199991	192718	1.00		228	520
-0.195;0.368	#	011	0.079	0.602	1	120.61	199991	192718	0.50		125	2880
-0.708;0.386	-0.351;1.337	111	0.726	0.938	1	128.62	199983	192987	1.00		3799	4321
-1.724;-0.631	-0.321;0.722	101	0.151	0.685	1	106.97	199720	193438	1.00		18	319
0.102;0.463	-0.738;0.480	111	0.694	0.930	1	121.90	199968	193451	1.00		1340	1582
#	-0.351;0.556	111	0.904	0.980	1	129.23	199983	193711	0.50		4020	4200
-0.689;0.463	-0.475;0.556	111	1.000	1.000	3	130.38	199983	193735	1.00		4130	4130
-0.678;0.610	-0.675;-0.488	110	0.556	0.889	1	110.67	199954	193818	1.00		354	530
#	-0.321;1.074	101	0.124	0.659	1	126.26	199825	193849	0.50		104	4481
-0.969;0.056	0.514;1.059	011	0.284	0.778	1	112.35	199889	193854	1.00		140	421
#	-1.147;-0.619	110	0.132	0.667	1	117.59	193886	193886	0.50		0	521
0.580;1.877	-0.406;0.442	100	0.237	0.750	1	69.73	199856	193923	1.00		17	68
-0.708;0.485	-0.200;0.241	111	1.000	1.000	1	132.75	199946	193957	1.00		1751	1751
-0.627;-0.079	-3.253;-0.604	100	1.000	1.000	2	119.56	199985	193993	1.00		275	275
0.080;0.859	0.628;2.963	001	1.000	1.000	1	101.84	199944	194011	1.00		188	188
#	0.642;1.319	001	1.000	1.000	1	108.78	199944	194011	0.50		325	325
-0.708;0.229	0.273;0.556	111	1.000	1.000	1	130.81	199896	194039	1.00		838	838
0.140;0.933	-0.475;0.292	111	0.820	0.961	1	120.74	199946	194086	1.00		933	1018
0.443;0.665	#	101	0.178	0.708	1	94.01	199825	194123	0.50		84	670
-0.678;0.442	#	110	0.115	0.649	2	126.92	199954	194190	0.50		365	4960
-0.626;-0.505	0.514;0.592	011	0.132	0.667	1	128.50	194203	194203	1.00		0	16
-0.442;0.048	#	110	0.116	0.650	1	132.49	199954	194235	0.50		149	1932
-0.273;0.737	#	011	0.067	0.583	1	121.58	199991	194245	0.50		115	3571
0.580;1.355	-3.164;0.095	100	0.562	0.891	1	82.23	199987	194248	1.00		66	98
-0.425;0.498	#	110	0.110	0.644	1	126.55	199954	194422	0.50		287	3724
-0.412;0.737	#	011	0.068	0.585	1	125.03	199991	194434	0.50		159	4067
#	-1.201;-0.353	100	0.186	0.714	1	111.79	199987	194517	0.50		561	1285
-0.708;0.105	-0.351;0.556	111	1.000	1.000	1	133.17	199983	194519	1.00		2201	2201
-0.643;0.495	-0.195;0.556	111	1.000	1.000	1	130.11	199968	194601	1.00		2466	2466
-0.708;0.335	-0.475;0.556	111	1.000	1.000	1	132.24	199983	194601	1.00		3133	3133
#	-0.895;-0.454	100	0.360	0.815	1	109.85	199987	194659	0.50		506	933
0.102;0.465	-0.475;0.556	111	1.000	1.000	2	124.24	199968	194700	1.00		1144	1144
#	-0.475;0.072	111	0.882	0.975	1	131.74	199983	194808	0.50		1919	2024
-0.659;0.082	-1.314;-0.619	110	0.132	0.667	1	121.23	194810	194810	1.00		0	264
-0.659;0.733	-0.619;-0.488	110	0.791	0.954	1	108.87	199954	194883	1.00		277	321
-0.708;0.495	-0.170;0.556	111	1.000	1.000	1	129.74	199968	194903	1.00		2297	2297
-0.678;0.500	-0.619;-0.488	110	0.861	0.971	1	109.77	199954	194926	1.00		289	317
-1.209;0.519	#	011	0.068	0.585	1	125.82	199991	195003	0.50		169	4727
-0.667;0.225	-0.475;0.556	111	1.000	1.000	1	132.42	199983	195004	1.00		2492	2492
-0.708;0.871	-0.302;0.556	111	0.953	0.990	1	129.89	199983	195136	1.00		2846	2916
-2.122;0.783	0.628;2.917	001	1.000	1.000	3	109.09	199992	195154	1.00		291	291
-0.667;0.462	-0.743;-0.125	111	0.470	0.860	1	125.51	199983	195157	1.00		1125	1609
0.580;1.877	-1.364;-0.429	100	1.000	1.000	1	90.75	199987	195295	1.00		40	40
-0.563;0.021	#	111	0.445	0.850	1	131.53	199983	195414	0.50		1445	2024
-0.958;0.447	-0.475;0.556	111	0.949	0.990	1	129.66	199983	195414	1.00		2942	2995
-0.678;0.183	-0.619;-0.488	110	0.798	0.956	1	117.00	199954	195417	1.00		170	196
0.388;0.778	-3.252;-0.604	100	1.000	1.000	1	109.33	199987	195473	1.00		116	116
-0.272;1.248	-4.183;-0.598	100	1.000	1.000	1	119.00	199987	195765	1.00		231	231
-0.659;0.057	-0.619;-0.488	110	1.000	1.000	3	117.58	199954	195766	1.00		121	121
-1.111;-0.087	-0.475;0.556	111	0.911	0.982	1	131.47	199983	195819	1.00		1473	1521
-0.708;0.485	-1.031;0.021	111	0.403	0.834	1	127.65	199983	195870	1.00		1317	1927
#	-0.302;0.556	111	0.923	0.984	1	129.21	199983	195870	0.50		2423	2507
-0.505;0.483	0.514;1.431	011	0.303	0.788	1	110.18	199991	195875	1.00		140	386
-0.969;0.125	0.514;1.059	011	0.306	0.789	2	111.95	199889	195875	1.00		116	316
-0.708;0.475	-0.600;0.389	111	0.844	0.967	1	129.36	199983	195976	1.00		2271	2524
-0.637;0.243	-0.619;-0.488	110	0.815	0.960	1	113.25	199954	195980	1.00		161	183
-0.563;0.317	0.580;0.734	011	0.525	0.879	2	109.44	199991	196021	1.00		79	124
-0.973;0.442	-0.619;-0.488	110	0.748	0.944	1	107.45	199954	196031	1.00		226	272
#	-1.128;-0.351	100	0.188	0.716	1	111.79	199987	196087	0.50		403	918
-0.678;1.137	#	110	0.103	0.635	1	125.93	199954	196115	0.50		245	3783
-0.997;-0.391	0.628;2.963	001	1.000	1.000	1	113.19	199992	196153	1.00		77	77
-0.678;0.610	-1.141;-0.488	110	0.319	0.795	1	113.65	199954	196284	1.00		211	546
#	-0.321;1.198	101	0.124	0.659	1	126.26	199825	196292	0.50		62	2703
#	-2.833;-0.598	100	1.000	1.000	1	116.70	199987	196301	0.50		355	355
#	-3.532;-0.602	100	1.000	1.000	1	116.70	199987	196301	0.50		355	355
-0.570;0.260	0.580;2.421	011	0.353	0.812	1	111.98	199991	196370	1.00		72	165
#	0.580;0.592	011	1.000	1.000	1	120.80	199889	196399	0.50		10	10
#	-2.898;-1.350	100	0.100	1.000	1	111.50	196495	196495	0.50		0	0
-0.787;0.151	-0.475;0.474	111	0.931	0.986	1	131.36	199983	196617	1.00		1498	1535
-0.667;0.475	-0.475;0.556	111	1.000	1.000	1	130.38	199983	196637	1.00		2166	2166
-0.708;0.465	-0.378;0.151	111	1.000	1.000	2	133.84	199983	196637	1.00		1239	1239
#	-4.751;-0.598	100	1.000	1.000	1	116.70	199987	196650	0.50		321	321
0.443;2.034	-0.321;1.198	101	0.191	0.718	2	94.17	199825	196684	1.00		45	293
#	-3.253;-0.598	100	1.000	1.000	1	116.70	199987	196757	0.50		316	316
-0.708;0.495	-0.170;0.823	111	0.688	0.928	1	126.53	199968	196760	1.00		1470	1709
-0.789;-0.168	#	111	0.419	0.840	1	128.58	199983	196802	0.50		965	1358
-1.130;-0.668	#	100	0.076	0.598	2	94.74	199970	196829	0.50		45	136
-0.759;-0.226	-3.518;-0.604	100	1.000	1.000	1	117.57	199985	196844	1.00		135	135
#	0.580;1.059	011	0.251	0.758	1	104.82	199991	196850	0.50		72	262
-1.035;-0.183	0.628;1.833	001	1.000	1.000	1	115.57	199992	196927	1.00		78	78
-1.040;-0.377	-0.321;0.722	101	0.122	0.656	1	121.45	199720	196928	1.00		8	589
-0.966;-0.504	-2.833;-0.326	100	0.132	0.667	1	106.81	199894	196955	1.00		69	165
-1.130;-0.668	-0.711;0.013	100	0.137	0.672	1	96.94	199894	196955	1.00		26	68
-1.243;0.519	0.580;0.734	011	0.431	0.845	1	106.94	199991	196968	1.00		68	127
#	-0.795;-0.336	110	0.252	0.759	2	112.00	199954	197027	0.50		186	669
-0.044;0.821	-0.475;0.474	111	0.888	0.977	1	123.74	199968	197043	1.00		891	940
-0.576;0.055	-0.335;0.009	110	0.132	0.667	1	136.19	197139	197139	1.00		0	395
-0.708;0.229	#	111	0.497	0.870	1	129.44	199983	197203	0.50		1475	1963
-0.708;0.465	-0.378;0.556	111	1.000	1.000	1	130.42	199983	197272	1.00		1668	1668
#	-0.401;-0.318	111	0.779	0.951	1	114.60	199854	197272	0.50		142	157
-0.643;0.495	0.264;0.812	111	0.497	0.870	1	122.36	199968	197328	1.00		483	657
#	-0.507;0.695	101	0.121	0.656	1	126.44	199825	197339	0.50		44	2124
#	-1.141;-0.488	110	0.305	0.788	1	111.86	199954	197369	0.50		149	408
-0.976;0.740	-2.170;-0.259	100	0.090	0.617	1	115.00	199987	197455	1.00		269	837
-0.976;0.740	-2.796;-0.623	100	1.000	1.000	2	117.59	199985	197455	1.00		218	218
-0.442;-0.154	-0.619;-0.488	110	1.000	1.000	1	124.70	199819	197481	1.00		21	21
-0.483;0.084	#	110	0.119	0.653	1	132.04	199954	197481	0.50		74	942
-0.689;-0.223	-0.475;0.556	111	1.000	1.000	1	132.05	199983	197564	1.00		690	690
-0.428;0.264	-2.796;-0.604	100	1.000	1.000	1	130.45	199926	197618	1.00		85	85
-0.667;0.495	0.151;0.556	111	1.000	1.000	1	124.91	199968	197621	1.00		578	578
-2.122;0.783	0.628;1.833	001	1.000	1.000	1	109.09	199992	197625	1.00		140	140
0.102;0.465	0.369;0.556	111	1.000	1.000	1	122.49	199968	197642	1.00		102	102
#	-0.321;0.695	101	0.123	0.658	2	126.41	199825	197731	0.50		36	1545
-0.708;0.763	-0.475;0.556	111	0.946	0.989	1	129.96	199983	197772	1.00		1576	1618
-0.643;0.105	-0.351;0.556	111	1.000	1.000	1	134.41	199983	197772	1.00		825	825
-1.690;0.888	0.714;2.363	001	1.000	1.000	1	104.30	199895	197778	1.00		88	88
-1.290;1.355	-2.054;-0.429	100	0.295	0.784	1	111.27	199987	197800	1.00		227	439
-0.271;0.104	-0.619;-0.488	110	1.000	1.000	1	115.02	199954	197860	1.00		37	37
-0.667;0.463	-0.475;0.556	111	1.000	1.000	1	130.38	199983	197899	1.00		1350	1350
-0.585;0.465	-0.481;0.684	111	0.872	0.973	1	128.50	199983	197899	1.00		1242	1332
-1.283;-0.154	-0.619;-0.488	110	0.675	0.925	1	109.52	199924	197951	1.00		41	53
#	0.628;3.059	001	1.000	1.000	1	109.09	199992	197974	0.50		119	119
-1.193;-1.130	#	100	0.007	0.583	1	98.77	197987	197987	0.50		0	0
-0.007;0.960	-3.253;-0.734	100	1.000	1.000	1	117.95	199953	198007	1.00		46	46
-0.272;1.234	-4.183;-0.598	100	1.000	1.000	1	119.00	199987	198046	1.00		102	102
#	-0.619;-0.251	110	0.227	0.743	1	114.60	199954	198074	0.50		120	480
-0.976;0.954	-2.833;-0.617	100	1.000	1.000	1	117.59	199985	198086	1.00		160	160
0.580;0.927	#	100	0.302	0.787	1	78.29	199987	198087	0.50		22	47
-1.290;1.227	-3.532;-0.604	100	1.000	1.000	1	116.70	199987	198153	1.00		180	180
-0.627;1.227	-3.253;-0.604	100	1.000	1.000	1	117.06	199987	198181	1.00		172	172
-0.203;0.465	-0.475;0.556	111	1.000	1.000	1	125.59	199968	198226	1.00		648	648
-0.627;-0.095	-3.253;-0.617	100	1.000	1.000	1	118.88	199985	198286	1.00		71	71
#	1.252;2.363	001	0.100	1.000	1	108.13	198295	198295	0.50		0	0
-0.969;0.125	0.514;0.984	011	0.303	0.787	1	111.95	199889	198318	1.00		46	127
-0.678;0.610	#	110	0.106	0.638	1	126.64	199954	198423	0.50		98	1512
#	0.628;3.037	001	1.000	1.000	1	109.09	199992	198432	0.50		92	92
-0.720;-0.571	0.628;3.059	001	1.000	1.000	1	105.39	199992	198432	1.00		14	14
#	-3.308;-0.604	100	1.000	1.000	1	116.70	199987	198435	0.50		148	148
-0.708;0.485	-0.475;0.556	111	1.000	1.000	1	130.38	199983	198539	1.00		965	965
#	-2.833;-0.617	100	1.000	1.000	2	117.59	199985	198589	0.50		121	121
-0.887;-0.310	-0.378;0.556	111	0.856	0.969	1	125.27	199983	198611	1.00		289	305
0.550;0.580	#	100	0.031	0.500	1	79.38	198614	198614	0.50		0	8
#	-3.532;-0.429	100	0.285	0.778	1	111.27	199987	198614	0.50		140	275
-0.378;0.070	0.714;3.094	001	1.000	1.000	1	125.65	199872	198644	1.00		11	11
-1.814;0.888	0.628;2.963	001	1.000	1.000	1	109.09	199992	198644	1.00		81	81
0.544;0.847	-0.849;0.210	101	0.314	0.793	1	78.15	199825	198660	1.00		11	29
#	-3.370;-0.602	100	1.000	1.000	1	116.70	199987	198665	0.50		123	123
-0.505;0.483	#	011	0.077	0.598	1	126.99	199991	198667	0.50		44	985
-1.102;-0.668	0.025;0.643	100	0.053	0.556	1	93.69	199970	198685	1.00		7	21
-2.122;0.780	0.637;1.833	001	1.000	1.000	1	108.76	199944	198737	1.00		68	68
0.080;0.159	0.628;1.549	001	1.000	1.000	1	134.00	199356	198737	1.00		3	3
#	0.628;2.263	001	1.000	1.000	1	109.09	199992	198781	0.50		71	71
-1.052;-0.910	0.628;2.382	001	0.100	1.000	1	109.57	198848	198848	1.00		0	0
-0.678;-0.348	-0.619;-0.488	110	1.000	1.000	1	110.57	199924	198877	1.00		12	12
-2.122;0.888	0.628;1.549	001	1.000	1.000	1	109.10	199992	198897	1.00		66	66
#	-3.253;-0.602	100	1.000	1.000	1	116.70	199987	198906	0.50		108	108
#	-1.444;-0.244	100	0.086	0.612	1	115.46	199987	198906	0.50		117	371
-0.689;0.463	#	111	0.508	0.873	1	127.00	199983	198970	0.50		686	909
-0.412;0.519	0.580;0.711	011	0.579	0.897	1	104.44	199991	198971	1.00		20	29
-0.428;0.120	1.461;2.263	001	0.100	1.000	1	109.52	198993	198993	1.00		0	0
-0.202;0.375	#	011	0.079	0.602	1	119.97	199991	199000	0.50		17	410
-0.598;0.125	0.514;1.431	011	0.378	0.823	1	112.47	199889	199135	1.00		23	49
-0.505;0.182	0.514;0.592	011	0.463	0.857	1	111.07	199889	199135	1.00		12	21
#	1.288;3.094	001	0.100	1.000	1	108.25	199197	199197	0.50		0	0
0.041;0.495	-0.475;0.556	111	1.000	1.000	1	123.17	199968	199259	1.00		189	189
-2.122;0.783	0.628;2.237	001	1.000	1.000	1	109.19	199992	199294	1.00		42	42
-0.976;1.141	-3.370;-0.604	100	1.000	1.000	1	116.71	199987	199335	1.00		60	60
-0.441;0.485	#	111	0.515	0.876	1	126.62	199968	199554	0.50		226	300
-0.659;0.442	-0.619;-0.488	110	0.874	0.973	1	109.90	199954	199575	1.00		23	25
-0.720;0.495	#	111	0.474	0.861	1	126.21	199983	199613	0.50		259	351
-0.708;0.716	#	111	0.451	0.853	1	125.30	199983	199652	0.50		247	342
-0.619;0.475	-0.351;0.556	111	1.000	1.000	2	130.80	199983	199659	1.00		188	188
-0.558;0.394	-3.614;-0.604	100	1.000	1.000	1	123.34	199985	199712	1.00		13	13
-0.678;0.084	-0.619;-0.332	110	0.285	0.778	1	116.35	199954	199819	1.00		7	21
-0.486;0.092	#	110	0.118	0.652	1	131.86	199954	199819	0.50		5	70
0.443;2.034	-0.321;0.641	101	0.132	0.667	1	93.44	199825	199825	1.00		0	12
0.103;0.998	-0.321;1.198	101	0.120	0.654	1	117.30	199825	199825	1.00		0	54
-0.667;0.463	#	111	0.604	0.904	1	127.00	199983	199854	0.50		101	125
0.580;1.355	-2.828;0.095	100	1.000	1.000	1	102.00	199987	199856	1.00		1	1
-0.667;0.475	-0.608;0.556	111	1.000	1.000	1	132.58	199983	199983	1.00		11	11
