Explore_Iteration	MacroPopSize	MicroPopSize	Hamming_Loss	Accuracy	AveGenerality	Time(min)	TP	TN	OverGenAcc
3500	314	600	0.2199	0.1317	0.10	0.52	0.000	0.000	0.000
7000	377	600	0.2143	0.1371	0.14	1.29	0.000	0.000	0.000
10500	438	600	0.1991	0.1477	0.15	2.25	0.000	0.000	0.000
14000	433	600	0.1933	0.148	0.16	3.18	0.000	0.000	0.000
17500	428	600	0.2093	0.1303	0.16	4.14	0.000	0.000	0.000
21000	428	600	0.212	0.1294	0.15	5.12	0.000	0.000	0.000
24500	431	600	0.1901	0.1469	0.14	6.06	0.000	0.000	0.000
28000	441	600	0.2045	0.1531	0.16	7.03	0.000	0.000	0.000
31500	430	600	0.2077	0.1397	0.15	7.99	0.000	0.000	0.000
35000	439	600	0.1994	0.1489	0.15	8.96	0.000	0.000	0.000
38500	434	600	0.1989	0.1531	0.15	9.87	0.000	0.000	0.000
42000	430	600	0.1953	0.1657	0.14	10.84	0.000	0.000	0.000
45500	432	600	0.1974	0.1669	0.14	11.80	0.000	0.000	0.000
49000	423	600	0.1796	0.2026	0.14	12.70	0.000	0.000	0.000
52500	402	600	0.1873	0.1823	0.13	13.66	0.000	0.000	0.000
56000	418	600	0.1773	0.1743	0.12	14.52	0.000	0.000	0.000
59500	417	600	0.1781	0.1934	0.14	15.40	0.000	0.000	0.000
63000	433	600	0.1708	0.2083	0.14	16.27	0.000	0.000	0.000
66500	437	600	0.1775	0.2066	0.14	17.25	0.000	0.000	0.000
70000	426	600	0.1618	0.2051	0.15	18.22	0.000	0.000	0.000
73500	428	600	0.1801	0.1871	0.14	19.20	0.000	0.000	0.000
77000	438	600	0.1718	0.1957	0.16	20.22	0.000	0.000	0.000
80500	440	600	0.1892	0.2011	0.15	21.22	0.000	0.000	0.000
84000	423	600	0.1886	0.1923	0.15	22.24	0.000	0.000	0.000
87500	417	600	0.1672	0.2026	0.14	23.18	0.000	0.000	0.000
91000	437	600	0.1752	0.208	0.14	24.17	0.000	0.000	0.000
94500	425	600	0.1773	0.1871	0.14	25.14	0.000	0.000	0.000
98000	426	600	0.1873	0.1703	0.15	25.98	0.000	0.000	0.000
101500	412	600	0.1849	0.1526	0.14	26.88	0.000	0.000	0.000
105000	402	600	0.181	0.1874	0.14	27.74	0.000	0.000	0.000
108500	410	600	0.1522	0.238	0.15	28.62	0.000	0.000	0.000
112000	427	600	0.1648	0.2	0.14	29.74	0.000	0.000	0.000
115500	434	600	0.1813	0.1946	0.14	30.69	0.000	0.000	0.000
119000	438	600	0.182	0.1829	0.15	31.65	0.000	0.000	0.000
122500	447	600	0.1866	0.1906	0.16	32.65	0.000	0.000	0.000
126000	425	600	0.1893	0.1971	0.14	33.56	0.000	0.000	0.000
129500	417	600	0.1709	0.222	0.15	34.44	0.000	0.000	0.000
133000	398	600	0.1899	0.1806	0.13	35.42	0.000	0.000	0.000
136500	425	600	0.1834	0.1797	0.14	36.31	0.000	0.000	0.000
140000	430	600	0.1828	0.1894	0.14	37.27	0.000	0.000	0.000
143500	435	600	0.1743	0.1986	0.16	38.26	0.000	0.000	0.000
147000	443	600	0.167	0.2189	0.15	39.30	0.000	0.000	0.000
150500	419	600	0.1761	0.1937	0.14	40.29	0.000	0.000	0.000
154000	434	600	0.1729	0.1923	0.15	41.29	0.000	0.000	0.000
157500	425	600	0.1698	0.2194	0.16	42.25	0.000	0.000	0.000
161000	424	600	0.1748	0.2289	0.15	43.24	0.000	0.000	0.000
164500	446	600	0.1903	0.1706	0.16	44.22	0.000	0.000	0.000
168000	449	600	0.1914	0.174	0.15	45.22	0.000	0.000	0.000
171500	445	600	0.1833	0.208	0.16	46.22	0.000	0.000	0.000
175000	430	600	0.175	0.1823	0.15	47.14	0.000	0.000	0.000
178500	445	600	0.186	0.1774	0.14	48.07	0.000	0.000	0.000
182000	440	600	0.191	0.1429	0.15	49.05	0.000	0.000	0.000
185500	429	600	0.1551	0.212	0.15	49.95	0.000	0.000	0.000
189000	437	600	0.1581	0.2214	0.15	50.87	0.000	0.000	0.000
192500	435	600	0.1548	0.2391	0.16	51.80	0.000	0.000	0.000
196000	445	600	0.1715	0.2074	0.15	52.66	0.000	0.000	0.000
199500	439	600	0.1692	0.212	0.15	53.61	0.000	0.000	0.000
203000	428	600	0.1724	0.2271	0.15	54.53	0.000	0.000	0.000
206500	424	600	0.1857	0.1983	0.14	55.41	0.000	0.000	0.000
210000	425	600	0.1955	0.18	0.15	56.28	0.000	0.000	0.000
213500	404	600	0.1644	0.2249	0.14	57.19	0.000	0.000	0.000
217000	423	600	0.1576	0.2283	0.13	58.03	0.000	0.000	0.000
220500	426	600	0.159	0.2446	0.14	58.89	0.000	0.000	0.000
224000	420	600	0.1625	0.2389	0.15	59.77	0.000	0.000	0.000
227500	428	600	0.1588	0.234	0.14	60.59	0.000	0.000	0.000
231000	455	600	0.1793	0.1863	0.16	61.47	0.000	0.000	0.000
234500	431	600	0.1757	0.2094	0.14	62.37	0.000	0.000	0.000
238000	455	600	0.1691	0.2211	0.15	63.22	0.000	0.000	0.000
241500	432	600	0.1758	0.2243	0.13	64.18	0.000	0.000	0.000
245000	426	600	0.1703	0.2291	0.15	65.09	0.000	0.000	0.000
248500	439	600	0.1781	0.1943	0.15	66.03	0.000	0.000	0.000
252000	419	600	0.1665	0.2146	0.15	66.99	0.000	0.000	0.000
255500	419	600	0.1915	0.1709	0.14	67.89	0.000	0.000	0.000
259000	428	600	0.1931	0.1774	0.16	68.69	0.000	0.000	0.000
262500	427	600	0.189	0.1903	0.15	69.53	0.000	0.000	0.000
266000	429	600	0.1795	0.1857	0.15	70.37	0.000	0.000	0.000
269500	425	600	0.1831	0.1531	0.14	71.27	0.000	0.000	0.000
273000	425	600	0.1641	0.1837	0.14	72.14	0.000	0.000	0.000
276500	435	600	0.1593	0.2069	0.15	73.03	0.000	0.000	0.000
280000	427	600	0.1771	0.182	0.14	73.88	0.000	0.000	0.000
283500	437	600	0.1915	0.1769	0.16	74.78	0.000	0.000	0.000
287000	425	600	0.171	0.2294	0.14	75.73	0.000	0.000	0.000
290500	413	600	0.1848	0.2026	0.15	76.67	0.000	0.000	0.000
294000	426	600	0.1945	0.1677	0.15	77.59	0.000	0.000	0.000
297500	438	600	0.181	0.1829	0.15	78.49	0.000	0.000	0.000
301000	432	600	0.1654	0.2394	0.16	79.38	0.000	0.000	0.000
304500	425	600	0.168	0.2114	0.14	80.21	0.000	0.000	0.000
308000	438	600	0.1594	0.23	0.15	81.03	0.000	0.000	0.000
311500	433	600	0.1524	0.2297	0.14	82.00	0.000	0.000	0.000
315000	426	600	0.17	0.2086	0.13	82.89	0.000	0.000	0.000
318500	442	600	0.1691	0.2391	0.14	83.85	0.000	0.000	0.000
322000	425	600	0.1775	0.1926	0.15	84.80	0.000	0.000	0.000
325500	414	600	0.168	0.224	0.15	85.77	0.000	0.000	0.000
329000	402	600	0.1736	0.2149	0.15	86.69	0.000	0.000	0.000
332500	425	600	0.1805	0.1954	0.15	87.56	0.000	0.000	0.000
336000	432	600	0.196	0.1631	0.16	88.49	0.000	0.000	0.000
339500	432	600	0.1899	0.1723	0.17	89.38	0.000	0.000	0.000
343000	421	600	0.191	0.16	0.15	90.39	0.000	0.000	0.000
346500	421	600	0.1655	0.212	0.15	91.31	0.000	0.000	0.000
350000	419	600	0.1629	0.2346	0.15	92.18	0.000	0.000	0.000
353500	410	600	0.1861	0.1949	0.15	93.04	0.000	0.000	0.000
357000	427	600	0.1835	0.1834	0.14	94.05	0.000	0.000	0.000
360500	427	600	0.1792	0.1794	0.13	95.11	0.000	0.000	0.000
364000	430	600	0.1818	0.186	0.15	95.92	0.000	0.000	0.000
367500	422	600	0.1834	0.2003	0.15	96.73	0.000	0.000	0.000
371000	452	600	0.1709	0.2091	0.16	97.62	0.000	0.000	0.000
374500	447	600	0.1761	0.178	0.16	98.53	0.000	0.000	0.000
378000	445	600	0.1732	0.1791	0.14	99.37	0.000	0.000	0.000
381500	436	600	0.1667	0.2126	0.15	100.25	0.000	0.000	0.000
385000	431	600	0.1835	0.1906	0.15	101.13	0.000	0.000	0.000
388500	446	600	0.1945	0.1523	0.17	102.03	0.000	0.000	0.000
392000	461	600	0.1754	0.2086	0.16	102.82	0.000	0.000	0.000
395500	441	600	0.172	0.1983	0.15	103.48	0.000	0.000	0.000
399000	427	600	0.1786	0.1863	0.14	104.16	0.000	0.000	0.000
