Explore_Iteration	MacroPopSize	MicroPopSize	Hamming_Loss	Accuracy	AveGenerality	Time(min)	TP	TN	OverGenAcc
1000	47	63	0.318	0.499	0.21	0.01	0.936	0.428	0.311
2000	88	116	0.155	0.72	0.20	0.03	1.115	0.574	0.315
3000	134	190	0.126	0.749	0.19	0.06	1.107	0.642	0.316
4000	146	200	0.084	0.832	0.18	0.10	1.196	0.636	0.333
5000	135	200	0.038	0.923	0.14	0.13	1.286	0.637	0.346
6000	133	200	0.035	0.929	0.12	0.17	1.293	0.636	0.346
7000	132	200	0.035	0.931	0.12	0.19	1.294	0.637	0.042
8000	136	200	0.035	0.931	0.12	0.22	1.292	0.639	0.000
9000	138	200	0.035	0.929	0.12	0.25	1.29	0.639	0.025
10000	143	200	0.024	0.952	0.11	0.28	1.315	0.637	0.004
11000	152	200	0.028	0.945	0.11	0.32	1.321	0.624	0.000
12000	150	200	0.036	0.928	0.10	0.35	1.301	0.627	0.000
13000	152	200	0.038	0.923	0.12	0.38	1.294	0.629	0.059
14000	147	200	0.023	0.954	0.11	0.41	1.323	0.631	0.136
15000	148	200	0.02	0.96	0.13	0.44	1.322	0.638	0.000
16000	148	200	0.017	0.966	0.12	0.47	1.331	0.635	0.023
17000	147	200	0.015	0.97	0.13	0.50	1.332	0.638	0.017
18000	148	200	0.018	0.964	0.13	0.53	1.332	0.632	0.000
19000	146	200	0.019	0.962	0.12	0.55	1.33	0.632	0.000
20000	147	200	0.017	0.966	0.12	0.58	1.329	0.637	0.000
21000	145	200	0.013	0.974	0.12	0.61	1.344	0.63	0.000
22000	139	200	0.013	0.973	0.12	0.64	1.344	0.629	0.000
23000	140	200	0.015	0.971	0.12	0.67	1.343	0.628	0.029
24000	143	200	0.013	0.974	0.13	0.70	1.341	0.633	0.000
25000	150	200	0.012	0.976	0.14	0.73	1.344	0.632	0.029
26000	149	200	0.013	0.974	0.13	0.76	1.352	0.622	0.035
27000	153	200	0.015	0.971	0.14	0.79	1.344	0.627	0.000
28000	148	200	0.015	0.97	0.14	0.81	1.349	0.621	0.000
29000	150	200	0.015	0.971	0.14	0.84	1.347	0.624	0.000
30000	153	200	0.017	0.966	0.14	0.87	1.344	0.622	0.000
31000	150	200	0.013	0.973	0.14	0.91	1.343	0.63	0.037
32000	152	200	0.011	0.977	0.14	0.94	1.342	0.635	0.000
33000	149	200	0.014	0.972	0.14	0.97	1.351	0.621	0.000
34000	146	200	0.013	0.974	0.13	1.01	1.347	0.627	0.000
35000	149	200	0.013	0.973	0.13	1.04	1.342	0.631	0.068
36000	152	200	0.013	0.975	0.13	1.07	1.346	0.629	0.018
37000	161	200	0.014	0.972	0.13	1.09	1.344	0.628	0.000
38000	154	200	0.013	0.973	0.14	1.12	1.336	0.637	0.125
39000	150	200	0.014	0.972	0.12	1.16	1.332	0.64	0.078
40000	149	200	0.013	0.974	0.12	1.19	1.339	0.635	0.000
41000	146	200	0.018	0.965	0.12	1.22	1.335	0.63	0.000
42000	147	200	0.018	0.963	0.12	1.25	1.326	0.637	0.051
43000	156	200	0.017	0.967	0.13	1.28	1.332	0.635	0.000
44000	152	200	0.014	0.972	0.13	1.31	1.348	0.624	0.000
45000	145	200	0.015	0.971	0.13	1.34	1.343	0.628	0.018
46000	144	200	0.014	0.972	0.12	1.36	1.343	0.629	0.000
47000	147	200	0.013	0.975	0.12	1.39	1.346	0.629	0.086
48000	144	200	0.014	0.972	0.11	1.41	1.353	0.619	0.000
49000	137	200	0.015	0.971	0.11	1.44	1.348	0.623	0.000
50000	141	200	0.015	0.97	0.12	1.46	1.338	0.632	0.103
51000	137	200	0.015	0.969	0.12	1.48	1.34	0.629	0.000
52000	134	200	0.013	0.973	0.12	1.50	1.348	0.625	0.000
53000	140	200	0.015	0.97	0.12	1.52	1.345	0.625	0.041
54000	146	200	0.015	0.971	0.11	1.55	1.342	0.629	0.020
55000	139	200	0.013	0.974	0.12	1.57	1.348	0.626	0.046
56000	138	200	0.015	0.971	0.13	1.61	1.348	0.623	0.000
57000	141	200	0.016	0.968	0.12	1.63	1.337	0.631	0.000
58000	145	200	0.018	0.965	0.13	1.66	1.339	0.626	0.000
59000	151	200	0.017	0.966	0.14	1.69	1.338	0.628	0.000
60000	142	200	0.017	0.966	0.12	1.71	1.335	0.631	0.000
61000	149	200	0.017	0.966	0.12	1.73	1.336	0.63	0.000
62000	152	200	0.017	0.967	0.12	1.76	1.337	0.63	0.000
63000	149	200	0.015	0.969	0.12	1.78	1.349	0.62	0.000
64000	141	200	0.015	0.97	0.10	1.81	1.345	0.625	0.000
65000	143	200	0.015	0.971	0.12	1.84	1.344	0.627	0.027
66000	147	200	0.015	0.969	0.12	1.87	1.345	0.624	0.000
67000	141	200	0.014	0.972	0.11	1.89	1.345	0.627	0.034
68000	138	200	0.015	0.97	0.10	1.92	1.345	0.625	0.000
69000	133	200	0.013	0.973	0.10	1.95	1.344	0.629	0.000
70000	131	200	0.014	0.972	0.11	1.98	1.352	0.62	0.047
71000	133	200	0.014	0.972	0.11	2.01	1.35	0.622	0.000
72000	132	200	0.015	0.97	0.11	2.04	1.344	0.626	0.000
73000	132	200	0.015	0.971	0.10	2.07	1.347	0.624	0.092
74000	140	200	0.014	0.972	0.09	2.09	1.347	0.625	0.000
75000	138	200	0.015	0.97	0.10	2.12	1.344	0.626	0.000
76000	139	200	0.015	0.971	0.11	2.16	1.342	0.629	0.000
77000	144	200	0.013	0.973	0.12	2.18	1.348	0.625	0.003
78000	145	200	0.013	0.973	0.13	2.21	1.353	0.62	0.018
79000	146	200	0.015	0.97	0.13	2.24	1.344	0.626	0.032
80000	147	200	0.015	0.971	0.14	2.27	1.349	0.622	0.000
81000	143	200	0.015	0.971	0.13	2.30	1.348	0.623	0.000
82000	138	200	0.015	0.971	0.12	2.33	1.343	0.628	0.000
83000	135	200	0.015	0.971	0.11	2.36	1.345	0.626	0.000
84000	137	200	0.014	0.972	0.11	2.39	1.344	0.628	0.000
85000	134	200	0.014	0.972	0.12	2.43	1.353	0.619	0.000
86000	131	200	0.014	0.972	0.11	2.45	1.349	0.623	0.000
87000	138	200	0.015	0.97	0.10	2.48	1.345	0.625	0.055
88000	134	200	0.015	0.971	0.11	2.51	1.348	0.623	0.000
89000	138	200	0.014	0.972	0.10	2.54	1.346	0.626	0.000
90000	138	200	0.015	0.97	0.09	2.57	1.345	0.625	0.000
91000	141	200	0.015	0.971	0.10	2.60	1.34	0.631	0.000
92000	148	200	0.013	0.974	0.10	2.63	1.35	0.624	0.000
93000	152	200	0.013	0.973	0.10	2.66	1.35	0.623	0.015
94000	158	200	0.014	0.972	0.10	2.68	1.343	0.629	0.000
95000	158	200	0.015	0.971	0.10	2.71	1.348	0.623	0.000
96000	154	200	0.015	0.971	0.10	2.75	1.347	0.624	0.000
97000	146	200	0.015	0.971	0.09	2.78	1.344	0.627	0.000
98000	146	200	0.015	0.971	0.10	2.80	1.342	0.629	0.000
99000	151	200	0.014	0.972	0.10	2.83	1.346	0.626	0.000
100000	157	200	0.013	0.973	0.10	2.86	1.355	0.618	0.000
101000	150	200	0.015	0.971	0.10	2.89	1.348	0.623	0.000
102000	150	200	0.015	0.971	0.09	2.92	1.344	0.627	0.043
103000	152	200	0.015	0.97	0.10	2.95	1.346	0.624	0.000
104000	149	200	0.014	0.972	0.09	2.98	1.347	0.625	0.000
105000	144	200	0.015	0.97	0.08	3.00	1.346	0.624	0.000
106000	153	200	0.015	0.971	0.08	3.03	1.341	0.63	0.045
107000	150	200	0.013	0.974	0.08	3.07	1.351	0.623	0.000
108000	150	200	0.014	0.972	0.09	3.09	1.351	0.621	0.027
109000	150	200	0.015	0.97	0.09	3.13	1.346	0.624	0.000
110000	145	200	0.015	0.971	0.07	3.16	1.348	0.623	0.091
111000	149	200	0.014	0.972	0.07	3.19	1.346	0.626	0.036
112000	153	200	0.015	0.97	0.07	3.22	1.342	0.628	0.000
113000	154	200	0.015	0.971	0.07	3.25	1.345	0.626	0.000
114000	150	200	0.014	0.972	0.08	3.28	1.344	0.628	0.025
115000	154	200	0.013	0.974	0.09	3.31	1.356	0.618	0.000
116000	151	200	0.015	0.97	0.08	3.33	1.346	0.624	0.000
117000	148	200	0.015	0.971	0.08	3.36	1.345	0.626	0.000
118000	145	200	0.015	0.97	0.07	3.39	1.347	0.623	0.000
119000	143	200	0.014	0.972	0.09	3.42	1.345	0.627	0.000
120000	150	200	0.015	0.971	0.09	3.45	1.346	0.625	0.000
121000	148	200	0.014	0.972	0.10	3.48	1.343	0.629	0.014
122000	149	200	0.014	0.972	0.10	3.51	1.353	0.619	0.007
123000	155	200	0.014	0.972	0.12	3.55	1.349	0.623	0.081
124000	153	200	0.015	0.97	0.12	3.58	1.344	0.626	0.015
125000	147	200	0.015	0.971	0.10	3.62	1.348	0.623	0.090
126000	146	200	0.014	0.972	0.09	3.64	1.347	0.625	0.000
127000	148	200	0.015	0.97	0.10	3.67	1.344	0.626	0.030
128000	147	200	0.015	0.971	0.10	3.71	1.341	0.63	0.026
129000	144	200	0.013	0.973	0.09	3.74	1.349	0.624	0.010
130000	141	200	0.013	0.973	0.10	3.76	1.353	0.62	0.000
131000	134	200	0.015	0.97	0.10	3.79	1.344	0.626	0.000
132000	136	200	0.015	0.971	0.11	3.81	1.348	0.623	0.000
133000	141	200	0.015	0.971	0.12	3.83	1.348	0.623	0.000
134000	147	200	0.015	0.971	0.12	3.86	1.344	0.627	0.000
135000	144	200	0.015	0.971	0.10	3.89	1.345	0.626	0.000
136000	145	200	0.014	0.972	0.10	3.91	1.344	0.628	0.000
137000	140	200	0.014	0.972	0.10	3.95	1.352	0.62	0.000
138000	150	200	0.014	0.972	0.10	3.98	1.349	0.623	0.029
139000	152	200	0.015	0.97	0.09	4.01	1.345	0.625	0.040
140000	157	200	0.015	0.971	0.08	4.04	1.348	0.622	0.000
141000	159	200	0.015	0.972	0.09	4.08	1.344	0.627	0.000
142000	161	200	0.015	0.97	0.11	4.12	1.346	0.624	0.000
143000	157	200	0.015	0.971	0.10	4.15	1.34	0.631	0.000
144000	150	200	0.013	0.974	0.10	4.17	1.35	0.624	0.000
145000	150	200	0.014	0.972	0.10	4.21	1.351	0.621	0.020
146000	154	200	0.015	0.97	0.10	4.25	1.346	0.624	0.000
147000	139	200	0.015	0.971	0.10	4.28	1.348	0.623	0.000
148000	143	200	0.015	0.971	0.11	4.30	1.346	0.625	0.080
149000	143	200	0.015	0.971	0.11	4.33	1.343	0.628	0.000
150000	147	200	0.015	0.971	0.11	4.36	1.341	0.63	0.000
151000	140	200	0.014	0.972	0.10	4.38	1.345	0.627	0.000
152000	138	200	0.014	0.972	0.10	4.41	1.352	0.62	0.000
153000	138	200	0.013	0.974	0.10	4.44	1.347	0.627	0.000
154000	135	200	0.013	0.974	0.09	4.46	1.344	0.63	0.000
155000	139	200	0.013	0.973	0.09	4.48	1.346	0.627	0.000
156000	136	200	0.013	0.973	0.10	4.51	1.347	0.626	0.000
157000	142	200	0.014	0.972	0.11	4.54	1.343	0.629	0.000
158000	136	200	0.014	0.972	0.09	4.56	1.339	0.633	0.052
159000	134	200	0.011	0.977	0.10	4.59	1.349	0.628	0.040
160000	143	200	0.013	0.975	0.11	4.61	1.348	0.627	0.000
161000	146	200	0.013	0.975	0.12	4.64	1.342	0.633	0.000
162000	148	200	0.012	0.976	0.12	4.67	1.344	0.632	0.000
163000	149	200	0.015	0.971	0.11	4.70	1.334	0.637	0.000
164000	148	200	0.012	0.976	0.12	4.73	1.337	0.639	0.132
165000	147	200	0.015	0.97	0.13	4.76	1.331	0.639	0.024
166000	146	200	0.012	0.976	0.12	4.79	1.341	0.635	0.008
167000	147	200	0.011	0.977	0.13	4.83	1.356	0.621	0.000
168000	142	200	0.013	0.973	0.12	4.86	1.344	0.629	0.000
169000	141	200	0.013	0.975	0.12	4.88	1.343	0.632	0.000
170000	139	200	0.012	0.976	0.11	4.91	1.344	0.632	0.000
171000	143	200	0.011	0.978	0.10	4.94	1.342	0.636	0.000
172000	149	200	0.011	0.977	0.10	4.96	1.344	0.633	0.000
173000	148	200	0.011	0.978	0.10	4.99	1.34	0.638	0.000
174000	152	200	0.011	0.978	0.11	5.02	1.35	0.628	0.000
175000	149	200	0.011	0.977	0.09	5.05	1.346	0.631	0.000
176000	149	200	0.012	0.976	0.09	5.07	1.341	0.635	0.000
177000	150	200	0.011	0.979	0.10	5.10	1.344	0.635	0.000
178000	154	200	0.01	0.98	0.10	5.13	1.343	0.637	0.035
179000	148	200	0.012	0.976	0.09	5.16	1.341	0.635	0.000
180000	150	200	0.011	0.977	0.10	5.19	1.339	0.638	0.000
181000	148	200	0.01	0.98	0.10	5.23	1.347	0.633	0.000
182000	142	200	0.011	0.979	0.10	5.25	1.351	0.628	0.000
183000	138	200	0.012	0.976	0.10	5.28	1.343	0.633	0.000
184000	138	200	0.01	0.98	0.10	5.30	1.348	0.632	0.000
185000	137	200	0.01	0.98	0.10	5.33	1.348	0.632	0.000
186000	143	200	0.011	0.977	0.10	5.35	1.344	0.633	0.000
187000	144	200	0.011	0.979	0.10	5.39	1.344	0.635	0.115
188000	151	200	0.011	0.978	0.12	5.42	1.345	0.633	0.000
189000	140	200	0.011	0.977	0.11	5.45	1.352	0.625	0.045
190000	139	200	0.011	0.977	0.09	5.48	1.348	0.629	0.000
191000	138	200	0.013	0.974	0.10	5.50	1.346	0.628	0.113
192000	135	200	0.013	0.973	0.10	5.53	1.348	0.625	0.033
193000	133	200	0.013	0.975	0.11	5.56	1.346	0.629	0.140
194000	136	200	0.013	0.973	0.11	5.58	1.345	0.628	0.016
195000	142	200	0.013	0.975	0.12	5.60	1.341	0.634	0.013
196000	133	200	0.01	0.98	0.12	5.62	1.349	0.631	0.000
197000	132	200	0.011	0.977	0.11	5.65	1.351	0.626	0.000
198000	135	200	0.012	0.976	0.12	5.67	1.347	0.629	0.000
199000	136	200	0.011	0.977	0.10	5.69	1.348	0.629	0.000
200000	134	200	0.011	0.979	0.12	5.71	1.347	0.632	0.000
