att1	att2	Phenotype	Fitness	Accuracy	Numerosity	AveMatchSetSize	TimeStampGA	InitTimeStamp	Specificity	DeletionProb	CorrectCount	MatchCount
0.506;0.745	0.142;0.944	110	1.000	1.000	4	58.33	399991	251909	1.00		13576	13576
-6.589;-0.560	-0.721;1.202	001	1.000	1.000	1	71.86	399978	255457	1.00		13255	13255
-0.554;0.081	#	101	0.751	0.944	8	81.89	399980	270011	0.50		44330	46938
-6.589;-0.560	#	001	1.000	1.000	9	71.86	399978	272067	0.50		11734	11734
0.481;0.522	0.723;0.905	111	1.000	1.000	1	27.63	399927	280879	1.00		1024	1024
-0.554;0.081	-0.346;0.749	101	1.000	1.000	1	92.28	399980	282230	1.00		33748	33748
#	-1.984;-0.407	001	1.000	1.000	4	66.50	399984	288018	0.50		2564	2564
0.104;0.489	0.139;0.882	111	1.000	1.000	1	64.84	399979	303091	1.00		21934	21934
0.104;0.481	0.122;0.905	111	1.000	1.000	1	64.06	399979	304095	1.00		22533	22533
-0.219;0.559	-0.405;0.131	101	1.000	1.000	2	63.55	399986	306235	1.00		12893	12893
-0.554;0.081	-0.405;0.958	101	1.000	1.000	2	89.51	399980	308869	1.00		31073	31073
0.506;0.745	0.146;0.944	110	1.000	1.000	4	58.33	399991	312430	1.00		8025	8025
0.500;1.603	-3.021;0.143	100	1.000	1.000	1	58.26	399942	317325	1.00		2130	2130
-0.536;0.559	-0.405;0.131	101	1.000	1.000	3	76.04	399986	320546	1.00		16618	16618
-5.997;-0.560	#	001	1.000	1.000	2	71.86	399978	321608	0.50		7191	7191
0.749;3.480	#	010	1.000	1.000	2	65.34	399998	324786	0.50		2585	2585
0.506;0.745	#	110	0.257	0.762	3	57.71	399991	326025	0.50		6781	8900
-0.612;1.343	-1.836;-0.407	001	1.000	1.000	1	63.40	399984	326736	1.00		1469	1469
0.506;0.745	0.352;0.935	110	1.000	1.000	1	59.95	399991	329906	1.00		5019	5019
0.104;0.522	0.723;0.905	111	1.000	1.000	3	58.45	399927	332145	1.00		4472	4472
#	-2.386;-0.407	001	1.000	1.000	4	66.50	399984	334435	0.50		1500	1500
-0.580;0.559	-0.346;0.131	101	1.000	1.000	3	80.51	399986	335274	1.00		12236	12236
0.500;1.603	-2.639;0.143	100	1.000	1.000	3	58.26	399942	337916	1.00		1599	1599
0.500;2.462	-0.650;-0.013	100	1.000	1.000	1	58.65	399942	341310	1.00		840	840
0.500;1.864	-3.130;0.143	100	1.000	1.000	3	58.26	399942	342177	1.00		1489	1489
0.104;0.481	0.118;0.882	111	1.000	1.000	2	64.89	399979	342817	1.00		12782	12782
-0.349;0.559	-0.405;0.131	101	1.000	1.000	3	75.42	399986	342990	1.00		9800	9800
0.506;0.745	0.139;0.943	110	1.000	1.000	4	58.33	399991	343899	1.00		5141	5141
0.500;1.864	-2.346;0.143	100	1.000	1.000	1	58.26	399942	345245	1.00		1410	1410
0.506;0.745	0.445;0.944	110	1.000	1.000	1	59.80	399935	347435	1.00		3160	3160
-6.589;-0.560	-0.536;1.202	001	1.000	1.000	1	71.86	399978	347783	1.00		4791	4791
-0.554;0.081	0.294;0.786	101	1.000	1.000	1	88.01	399980	348394	1.00		6951	6951
0.104;0.481	0.146;1.378	111	0.788	0.953	1	58.39	399979	349007	1.00		11978	12563
0.761;4.047	0.113;1.333	010	1.000	1.000	1	66.09	399998	352534	1.00		1496	1496
0.500;1.603	-2.281;0.143	100	1.000	1.000	1	58.26	399942	353483	1.00		1198	1198
0.749;2.396	0.113;1.196	010	1.000	1.000	1	65.34	399998	353826	1.00		1586	1586
-5.676;1.308	-2.468;-0.407	001	1.000	1.000	1	66.50	399984	353916	1.00		1057	1057
0.500;2.462	-2.847;0.143	100	1.000	1.000	2	58.26	399942	354356	1.00		1175	1175
-0.536;0.081	0.283;0.786	101	1.000	1.000	1	88.30	399980	354676	1.00		6235	6235
0.506;0.745	0.153;0.806	110	1.000	1.000	2	58.49	399991	355668	1.00		3683	3683
-1.073;-0.187	-0.799;-0.407	001	1.000	1.000	1	73.54	399775	356045	1.00		503	503
-5.848;-0.560	#	001	1.000	1.000	2	71.86	399978	356970	0.50		3949	3949
0.749;3.825	#	010	1.000	1.000	3	65.34	399998	357592	0.50		1457	1457
0.506;0.745	0.153;0.944	110	1.000	1.000	1	58.33	399991	357656	1.00		3880	3880
#	-2.469;-0.407	001	1.000	1.000	2	66.50	399984	357755	0.50		969	969
0.500;2.462	-2.296;0.143	100	1.000	1.000	2	58.26	399942	358020	1.00		1081	1081
-0.536;0.081	#	101	0.748	0.943	6	81.89	399980	358742	0.50		13834	14663
-0.554;0.081	-0.928;0.958	101	0.782	0.952	1	81.93	399980	358854	1.00		14035	14742
0.506;0.745	0.043;0.944	110	0.556	0.889	1	58.36	399991	358935	1.00		3761	4230
-6.406;-0.560	-0.268;1.958	001	1.000	1.000	2	72.55	399978	359033	1.00		3055	3055
-0.536;0.081	0.008;0.952	101	1.000	1.000	1	87.73	399980	359053	1.00		10212	10212
-6.276;-0.560	#	001	1.000	1.000	1	71.86	399978	359998	0.50		3671	3671
0.104;0.489	#	111	0.180	0.709	1	54.40	399979	360360	0.50		9423	13284
0.500;0.965	-3.899;0.143	100	1.000	1.000	1	58.26	399942	361161	1.00		1000	1000
0.761;3.028	0.113;1.307	010	1.000	1.000	1	66.09	399998	362827	1.00		1171	1171
-6.589;-0.560	-0.937;1.360	001	1.000	1.000	2	71.86	399978	363417	1.00		3356	3356
0.761;3.725	0.163;1.333	010	1.000	1.000	1	66.09	399998	365343	1.00		1091	1091
1.012;1.603	-2.501;0.110	100	0.100	1.000	1	58.53	365391	365391	1.00		0	0
-0.554;0.081	0.283;0.958	101	1.000	1.000	2	85.34	399980	365598	1.00		5820	5820
-0.554;0.081	-0.346;0.958	101	1.000	1.000	2	90.53	399980	365821	1.00		10972	10972
0.506;0.745	0.153;0.935	110	1.000	1.000	2	58.33	399991	366657	1.00		3053	3053
-0.536;0.081	-0.256;0.958	101	1.000	1.000	2	90.74	399980	366703	1.00		9832	9832
-6.269;-0.560	#	001	1.000	1.000	1	71.86	399978	367233	0.50		3005	3005
0.104;0.489	0.118;0.905	111	1.000	1.000	1	64.02	399979	367365	1.00		7757	7757
-0.399;0.081	-0.362;0.809	101	1.000	1.000	1	93.07	399980	368739	1.00		7166	7166
0.749;4.047	-0.183;1.270	010	1.000	1.000	3	65.34	399998	368961	1.00		1067	1067
-0.589;0.559	-0.346;0.131	101	1.000	1.000	2	80.51	399986	369299	1.00		5805	5805
-6.589;-0.560	-0.741;1.539	001	1.000	1.000	1	71.86	399978	369823	1.00		2770	2770
-0.320;0.150	-1.984;-0.407	001	1.000	1.000	2	61.50	399984	369936	1.00		260	260
-0.536;-0.269	0.008;0.958	101	1.000	1.000	1	87.57	399980	370009	1.00		3351	3351
0.104;0.489	0.122;0.905	111	1.000	1.000	1	64.02	399979	371686	1.00		6730	6730
-0.174;0.549	0.130;0.882	111	0.189	0.717	1	62.31	399979	371686	1.00		7380	10299
-0.682;0.023	0.008;0.958	101	0.489	0.867	1	85.23	399980	371716	1.00		6319	7291
0.506;0.745	0.139;1.177	110	0.857	0.970	1	56.98	399991	371819	1.00		2581	2662
0.500;1.247	-3.021;0.143	100	1.000	1.000	2	58.26	399942	371842	1.00		724	724
0.104;0.481	-0.134;0.905	111	0.533	0.882	1	63.49	399979	372041	1.00		6566	7446
0.104;0.489	0.122;0.905	111	1.000	1.000	2	64.02	399979	372041	1.00		6646	6646
0.104;1.174	0.122;0.905	111	0.125	0.660	1	52.36	399979	372128	1.00		7111	10781
-1.897;0.572	-1.428;-0.407	001	1.000	1.000	1	66.50	399984	372553	1.00		627	627
0.500;2.514	-0.813;0.193	100	0.236	0.749	1	53.48	399942	372678	1.00		703	938
-0.219;0.081	0.294;1.016	101	0.853	0.969	1	86.86	399958	373127	1.00		2386	2463
-0.810;0.183	-1.984;-0.407	001	1.000	1.000	2	68.52	399984	373251	1.00		535	535
0.104;0.489	0.459;0.905	111	1.000	1.000	1	64.30	399979	373437	1.00		4260	4260
0.500;3.255	-2.847;0.143	100	1.000	1.000	2	58.26	399942	373551	1.00		680	680
0.749;3.825	-0.106;0.893	010	1.000	1.000	3	66.01	399998	373719	1.00		752	752
-0.536;0.081	-0.133;0.952	101	1.000	1.000	1	90.09	399980	373997	1.00		7157	7157
0.104;0.489	0.122;0.879	111	1.000	1.000	3	64.84	399979	374227	1.00		5763	5763
0.749;3.725	#	010	1.000	1.000	1	65.34	399998	374572	0.50		874	874
0.749;3.689	#	010	1.000	1.000	3	65.34	399998	374870	0.50		864	864
-6.589;-0.560	-0.667;1.340	001	1.000	1.000	2	71.86	399978	375210	1.00		2273	2273
0.104;0.489	0.139;0.879	111	1.000	1.000	1	64.84	399979	375225	1.00		5537	5537
0.104;0.489	0.122;1.501	111	0.746	0.943	1	57.19	399979	375225	1.00		5892	6247
0.749;3.581	0.469;0.978	010	1.000	1.000	2	65.01	399998	375592	1.00		699	699
0.500;0.965	-3.655;0.143	100	1.000	1.000	2	58.26	399942	375608	1.00		627	627
0.500;3.255	-2.281;0.143	100	1.000	1.000	3	58.26	399942	375957	1.00		618	618
0.500;1.247	-3.021;-0.034	100	1.000	1.000	2	58.65	399942	376104	1.00		342	342
0.104;0.392	-0.159;0.905	111	0.508	0.873	1	63.98	399979	376172	1.00		4226	4839
-6.589;-0.560	-0.864;0.977	001	1.000	1.000	3	71.86	399978	376330	1.00		2172	2172
0.104;0.489	0.124;0.606	111	1.000	1.000	2	64.06	399979	376847	1.00		2984	2984
0.749;3.725	-0.183;1.270	010	1.000	1.000	2	65.34	399998	378035	1.00		755	755
0.749;4.047	#	010	1.000	1.000	2	65.34	399998	378360	0.50		744	744
0.500;1.603	-0.294;0.060	100	1.000	1.000	1	58.12	399836	378437	1.00		184	184
0.104;0.522	0.498;0.905	111	0.713	0.935	1	57.87	399979	378562	1.00		3500	3745
-0.554;0.081	-0.133;0.958	101	1.000	1.000	6	90.09	399980	378694	1.00		5981	5981
0.104;0.431	0.498;0.905	111	1.000	1.000	1	64.53	399979	378911	1.00		2838	2838
0.749;3.464	0.057;0.520	010	1.000	1.000	1	64.40	399894	379082	1.00		120	120
0.046;0.559	-0.691;0.131	101	0.738	0.941	1	52.37	399986	379774	1.00		1852	1968
0.383;0.489	0.130;0.882	111	1.000	1.000	1	61.82	399951	379963	1.00		1262	1262
-0.349;0.559	-0.993;0.131	101	0.722	0.937	1	72.88	399986	380051	1.00		3430	3661
0.506;1.385	0.142;0.450	110	0.434	0.846	1	57.89	399991	380455	1.00		616	728
#	-2.237;-0.407	001	1.000	1.000	4	66.50	399984	380580	0.50		443	443
-1.538;-0.560	-0.524;0.734	001	1.000	1.000	2	72.89	399978	380730	1.00		1492	1492
0.506;1.127	0.142;0.944	110	0.212	0.733	1	55.75	399991	380804	1.00		1815	2475
-6.948;0.572	-1.047;-0.407	001	1.000	1.000	1	66.50	399984	380929	1.00		435	435
0.761;2.440	0.298;0.765	010	1.000	1.000	1	67.15	399998	381152	1.00		324	324
-0.554;0.350	-0.405;0.786	101	0.190	0.718	1	82.93	399980	381342	1.00		7057	9832
-0.580;0.081	-0.729;0.277	101	0.582	0.897	1	82.45	399939	381574	1.00		3224	3593
-1.073;0.432	-2.333;-0.407	001	1.000	1.000	1	66.50	399984	381627	1.00		419	419
-0.483;0.081	-0.427;0.958	101	0.914	0.982	1	88.80	399980	381652	1.00		5787	5892
0.506;0.745	0.139;0.944	110	1.000	1.000	3	58.33	399991	381760	1.00		1670	1670
#	-0.361;0.131	101	0.309	0.791	1	76.39	399986	381868	0.50		3532	4467
#	-0.799;-0.407	001	1.000	1.000	1	66.50	399984	381976	0.50		411	411
1.582;4.047	#	010	0.100	1.000	1	60.59	382022	382022	0.50		0	0
0.104;1.173	0.122;0.905	111	0.125	0.660	1	52.36	399979	382029	1.00		4581	6943
-1.897;0.572	-1.428;-0.523	001	0.100	1.000	1	57.00	382185	382185	1.00		0	0
-0.536;-0.419	0.474;0.790	101	1.000	1.000	1	78.43	399858	382567	1.00		199	199
#	-0.741;-0.407	001	1.000	1.000	2	66.50	399984	382569	0.50		399	399
0.136;0.559	-0.346;0.089	101	1.000	1.000	1	53.81	399986	382645	1.00		1044	1044
0.104;0.481	0.122;0.856	111	1.000	1.000	2	64.89	399979	382878	1.00		3775	3775
0.761;3.581	0.392;1.086	010	1.000	1.000	1	66.24	399998	382948	1.00		488	488
0.500;1.581	-3.655;0.143	100	1.000	1.000	1	58.26	399942	382974	1.00		437	437
-0.399;0.081	-0.362;0.474	101	1.000	1.000	1	96.44	399958	382995	1.00		2679	2679
-0.612;0.125	-1.690;-0.407	001	1.000	1.000	1	67.73	399984	383198	1.00		241	241
0.500;3.255	-3.130;0.143	100	1.000	1.000	1	58.26	399942	383257	1.00		431	431
#	-0.405;0.241	101	0.154	0.688	1	73.45	399986	383319	0.50		4209	6119
0.104;0.489	0.169;1.047	111	0.737	0.941	1	57.10	399979	383469	1.00		3784	4022
0.506;0.745	0.153;0.561	110	1.000	1.000	1	57.72	399991	383714	1.00		698	698
-0.589;0.559	-0.405;0.131	101	1.000	1.000	1	76.02	399986	383757	1.00		3489	3489
-0.399;0.081	-0.362;0.952	101	1.000	1.000	1	91.83	399980	383785	1.00		4138	4138
-0.554;0.081	0.039;0.958	101	1.000	1.000	2	87.39	399980	383849	1.00		3891	3891
-7.294;-0.560	-0.721;1.340	001	1.000	1.000	1	71.86	399978	383965	1.00		1470	1470
0.749;2.728	#	010	1.000	1.000	1	65.34	399998	384189	0.50		542	542
-6.589;-0.560	-0.741;1.202	001	1.000	1.000	1	71.86	399978	384298	1.00		1439	1439
-0.589;0.081	-0.346;0.958	101	0.916	0.983	1	90.48	399980	384338	1.00		5077	5167
-0.536;-0.269	#	101	0.682	0.926	1	81.17	399980	384362	0.50		2241	2419
-0.196;0.559	-0.367;0.488	101	0.096	0.626	1	66.98	399986	384630	1.00		2729	4358
0.749;3.689	0.113;1.333	010	1.000	1.000	3	65.34	399998	384737	1.00		524	524
-6.864;-0.560	#	001	1.000	1.000	2	71.86	399978	384947	0.50		1382	1382
0.965;1.340	#	100	0.100	1.000	1	49.43	385380	385380	0.50		0	0
-0.030;0.081	-0.346;0.958	101	1.000	1.000	2	92.42	399958	385514	1.00		747	747
-0.164;0.489	0.139;0.905	111	0.247	0.756	1	68.87	399979	385532	1.00		3725	4928
-6.893;-0.560	#	001	1.000	1.000	2	71.86	399978	385588	0.50		1325	1325
0.500;1.247	-3.021;-0.451	100	0.100	1.000	1	49.36	385700	385700	1.00		0	0
0.749;3.609	-0.183;1.270	010	1.000	1.000	1	65.34	399998	385740	1.00		490	490
0.506;0.745	0.139;0.890	110	1.000	1.000	2	58.43	399991	385746	1.00		1262	1262
0.104;0.489	0.118;0.905	111	1.000	1.000	1	64.02	399979	385881	1.00		3352	3352
-5.368;-0.560	#	001	1.000	1.000	1	71.86	399978	386378	0.50		1249	1249
0.104;0.431	0.139;0.565	111	1.000	1.000	1	64.70	399979	386442	1.00		1281	1281
0.104;0.489	0.139;0.905	111	1.000	1.000	2	64.02	399979	386492	1.00		3211	3211
-6.864;-0.560	0.235;0.618	001	1.000	1.000	2	72.64	399978	386844	1.00		265	265
-6.893;-0.560	-0.268;1.958	001	1.000	1.000	2	72.55	399978	387012	1.00		968	968
-0.500;0.081	-0.405;0.636	101	1.000	1.000	1	91.77	399958	387060	1.00		3374	3374
-0.612;1.308	-2.386;-0.407	001	1.000	1.000	1	63.40	399984	387113	1.00		258	258
-6.893;-0.560	-0.538;1.202	001	1.000	1.000	3	71.86	399978	387220	1.00		1175	1175
0.749;4.022	-0.183;1.270	010	1.000	1.000	1	65.34	399998	387330	1.00		434	434
-1.897;0.572	-2.386;-0.407	001	1.000	1.000	2	66.50	399984	387386	1.00		290	290
-6.589;-0.560	-1.410;1.340	001	1.000	1.000	3	71.86	399978	387455	1.00		1150	1150
0.138;0.489	-0.173;0.905	111	0.530	0.881	1	63.53	399979	387466	1.00		2659	3019
#	-0.968;-0.407	001	1.000	1.000	2	66.50	399984	387769	0.50		281	281
0.506;0.745	0.153;0.747	110	1.000	1.000	1	58.44	399991	387776	1.00		945	945
0.104;0.489	-0.286;0.882	111	0.324	0.798	1	62.03	399979	387797	1.00		2762	3460
#	-0.346;0.131	101	0.317	0.795	1	76.93	399986	388100	0.50		2250	2831
0.749;3.725	-0.183;1.333	010	1.000	1.000	2	65.34	399998	388156	1.00		407	407
0.104;0.481	0.113;0.905	111	1.000	1.000	1	64.06	399979	388263	1.00		2754	2754
0.500;0.607	-3.655;0.143	100	1.000	1.000	1	51.17	399666	388558	1.00		32	32
-6.864;-0.560	-0.625;0.395	001	1.000	1.000	1	74.26	399925	388616	1.00		622	622
0.761;4.022	#	010	1.000	1.000	2	66.09	399998	389051	0.50		344	344
-6.276;-1.250	#	001	0.100	1.000	1	70.02	389106	389106	0.50		0	0
-0.933;-0.101	-1.551;-0.407	001	1.000	1.000	1	73.54	399775	389200	1.00		123	123
0.104;0.489	0.122;0.441	111	1.000	1.000	1	63.29	399930	389358	1.00		789	789
-5.452;-0.560	-0.114;0.877	001	1.000	1.000	1	71.76	399978	389367	1.00		582	582
0.506;0.745	0.139;0.747	110	1.000	1.000	2	58.44	399991	389415	1.00		818	818
-6.589;-0.560	-1.784;1.202	001	1.000	1.000	1	71.86	399978	389533	1.00		959	959
-0.798;0.432	-0.133;0.083	101	0.512	0.875	1	88.98	399944	389563	1.00		838	958
-0.536;0.081	-0.346;0.958	101	1.000	1.000	4	90.53	399980	389563	1.00		3295	3295
0.104;0.489	0.367;0.905	111	1.000	1.000	1	64.78	399979	389583	1.00		1943	1943
0.749;3.825	-0.405;1.196	010	1.000	1.000	1	65.34	399998	389675	1.00		354	354
-0.554;0.081	-0.133;0.952	101	1.000	1.000	1	90.09	399980	389765	1.00		2878	2878
0.506;1.636	0.142;0.943	110	0.211	0.732	1	55.75	399991	390016	1.00		939	1282
0.761;3.028	0.339;1.112	010	1.000	1.000	1	66.24	399998	390049	1.00		284	284
-6.064;-0.560	-0.721;1.340	001	1.000	1.000	1	71.86	399978	390153	1.00		905	905
-6.893;-1.052	-0.268;1.958	001	0.100	1.000	1	72.66	390334	390334	1.00		0	0
0.749;3.825	-0.183;1.270	010	1.000	1.000	1	65.34	399998	390447	1.00		327	327
0.104;0.522	0.723;0.905	111	1.000	1.000	1	58.45	399927	390504	1.00		624	624
0.104;1.173	0.122;0.806	111	0.121	0.656	1	52.99	399979	390504	1.00		2120	3234
-0.554;0.081	-0.256;1.150	101	0.953	0.990	1	90.65	399980	390749	1.00		2788	2815
-0.474;0.032	-0.133;0.952	101	1.000	1.000	1	90.13	399980	390812	1.00		2109	2109
0.506;0.745	0.142;0.943	110	1.000	1.000	2	58.33	399991	391093	1.00		812	812
-7.110;-0.560	#	001	1.000	1.000	2	71.86	399978	391172	0.50		813	813
0.761;2.728	0.113;1.307	010	1.000	1.000	1	66.09	399998	391273	1.00		275	275
0.104;0.340	0.139;0.905	111	1.000	1.000	1	64.61	399893	391305	1.00		1271	1271
-0.500;-0.059	-0.405;0.749	101	1.000	1.000	1	90.61	399980	391393	1.00		1953	1953
0.749;3.725	0.469;0.978	010	1.000	1.000	1	65.01	399998	391420	1.00		244	244
#	-1.428;-0.407	001	1.000	1.000	4	66.50	399984	391999	0.50		182	182
-0.528;0.559	-0.405;0.131	101	1.000	1.000	1	76.04	399986	392065	1.00		1662	1662
0.136;0.559	-0.346;0.188	101	0.539	0.884	1	52.52	399986	392133	1.00		517	585
-0.554;0.559	-0.405;0.089	101	1.000	1.000	1	73.05	399986	392133	1.00		1554	1554
0.506;0.745	0.257;1.121	110	0.830	0.963	1	58.18	399991	392140	1.00		604	627
0.749;3.825	-0.183;1.196	010	1.000	1.000	1	65.34	399998	392216	1.00		266	266
0.506;0.745	-0.017;0.776	110	0.527	0.880	1	58.48	399991	392230	1.00		644	732
0.506;0.745	0.625;1.552	110	0.721	0.937	1	55.47	399935	392377	1.00		325	347
0.506;0.745	0.823;0.944	110	1.000	1.000	1	55.42	399706	392439	1.00		43	43
#	-0.405;0.131	101	0.304	0.788	3	74.04	399986	392544	0.50		1599	2029
-0.096;0.559	-0.595;0.028	101	0.587	0.899	1	60.11	399986	392806	1.00		739	822
-0.219;0.559	-0.405;0.020	101	1.000	1.000	1	61.77	399986	392831	1.00		799	799
-0.916;-0.066	#	101	0.186	0.715	1	78.04	399980	392916	0.50		1892	2648
-6.064;-0.560	#	001	1.000	1.000	1	71.86	399978	392974	0.50		646	646
0.247;0.559	-0.405;0.089	101	1.000	1.000	1	50.64	399986	393115	1.00		295	295
0.506;0.745	0.142;1.463	110	0.854	0.969	1	56.98	399991	393157	1.00		622	642
0.104;0.489	0.375;1.295	111	0.681	0.926	1	56.91	399979	393273	1.00		1228	1326
-5.550;-0.560	#	001	1.000	1.000	1	71.86	399978	393323	0.50		614	614
-6.406;-0.560	#	001	1.000	1.000	1	71.86	399978	393475	0.50		603	603
0.506;0.745	0.202;0.944	110	1.000	1.000	2	59.83	399991	393506	1.00		534	534
-6.859;-0.560	-1.410;1.202	001	1.000	1.000	2	71.86	399978	393555	1.00		594	594
0.104;0.522	0.723;1.557	111	0.371	0.820	1	48.06	399927	393569	1.00		424	517
-6.589;-0.560	-1.313;1.340	001	1.000	1.000	1	71.86	399978	393615	1.00		589	589
0.500;1.581	-2.346;0.143	100	1.000	1.000	1	58.26	399942	393660	1.00		162	162
-0.500;0.081	-0.405;0.958	101	1.000	1.000	2	89.52	399980	393762	1.00		2060	2060
0.749;3.581	0.469;1.289	010	1.000	1.000	1	65.01	399998	393863	1.00		174	174
0.506;0.745	0.142;0.457	110	1.000	1.000	2	56.46	399991	393914	1.00		191	191
0.761;4.047	#	010	1.000	1.000	1	66.09	399998	394065	0.50		187	187
0.749;4.047	0.113;1.270	010	1.000	1.000	1	65.34	399998	394065	1.00		204	204
0.269;0.559	-0.405;0.089	101	1.000	1.000	2	51.41	399986	394227	1.00		231	231
-0.671;0.559	-0.405;0.131	101	0.877	0.974	1	75.42	399986	394227	1.00		1239	1272
-0.554;0.081	0.289;0.958	101	1.000	1.000	1	85.06	399980	394333	1.00		929	929
-0.423;0.559	-0.405;0.131	101	1.000	1.000	1	76.41	399986	394511	1.00		1025	1025
0.500;2.253	-3.021;0.143	100	1.000	1.000	1	58.26	399942	394527	1.00		139	139
-0.554;0.081	-0.150;0.958	101	1.000	1.000	1	90.09	399980	394558	1.00		1531	1531
0.749;3.486	-0.183;1.270	010	1.000	1.000	1	65.34	399998	394586	1.00		185	185
-0.536;0.081	-0.256;0.492	101	1.000	1.000	1	94.28	399958	394588	1.00		1076	1076
-6.893;-0.560	-0.013;1.202	001	1.000	1.000	1	69.65	399978	394602	1.00		280	280
0.104;0.481	0.118;0.905	111	1.000	1.000	2	64.06	399979	394637	1.00		1255	1255
0.761;2.728	#	010	1.000	1.000	1	66.09	399998	394935	0.50		159	159
0.761;3.825	0.113;1.196	010	1.000	1.000	1	66.09	399998	394935	1.00		159	159
-6.893;-0.969	-0.013;1.202	001	0.100	1.000	1	73.89	394951	394951	1.00		0	0
-0.214;0.481	0.118;0.905	111	0.167	0.699	1	71.89	399979	395018	1.00		1263	1807
0.104;0.522	0.396;1.274	111	0.518	0.877	1	52.29	399979	395018	1.00		924	1054
0.104;0.468	0.238;0.905	111	1.000	1.000	1	64.41	399979	395044	1.00		1046	1046
-0.528;0.857	-0.405;0.089	101	0.657	0.919	1	72.15	399986	395130	1.00		948	1031
-0.554;0.081	-0.405;0.786	101	1.000	1.000	1	90.73	399980	395157	1.00		1517	1517
-0.612;1.720	-2.386;-0.407	001	1.000	1.000	1	63.40	399984	395161	1.00		95	95
0.104;0.522	#	111	0.169	0.701	2	49.94	399979	395235	0.50		1214	1732
0.104;0.468	0.122;0.579	111	1.000	1.000	1	63.64	399979	395235	1.00		544	544
0.104;0.489	0.095;0.732	111	0.926	0.985	1	63.70	399979	395260	1.00		837	850
-0.101;0.405	-0.405;0.131	101	1.000	1.000	1	68.24	399986	395372	1.00		500	500
-0.554;0.559	-0.841;0.093	101	0.578	0.896	1	66.79	399986	395581	1.00		872	973
0.506;0.745	0.263;0.352	110	1.000	1.000	1	57.67	399760	395659	1.00		24	24
0.506;0.745	0.445;1.339	110	0.795	0.955	1	57.56	399935	395697	1.00		256	268
0.500;2.462	-0.721;0.101	100	1.000	1.000	1	59.18	399942	395712	1.00		73	73
-0.554;-0.440	#	101	0.547	0.886	1	74.47	399858	395715	0.50		195	220
0.749;3.825	0.339;1.112	010	1.000	1.000	1	65.37	399998	395810	1.00		132	132
#	-0.405;0.089	101	0.301	0.786	1	71.69	399986	395828	0.50		836	1063
-0.554;0.081	-0.405;0.636	101	1.000	1.000	1	91.75	399958	395930	1.00		1088	1088
-1.126;0.212	-0.405;0.958	101	0.155	0.689	1	82.75	399980	395930	1.00		1554	2257
-0.101;0.559	-0.405;0.378	101	0.124	0.659	1	59.99	399986	396034	1.00		568	862
0.104;0.489	0.126;0.879	111	1.000	1.000	1	64.84	399979	396042	1.00		879	879
0.506;1.377	0.352;1.258	110	0.150	0.684	1	55.91	399991	396160	1.00		286	418
-6.589;-0.560	-0.667;1.958	001	1.000	1.000	1	71.86	399978	396223	1.00		348	348
-0.871;-0.383	0.541;1.235	001	0.111	0.644	1	68.02	399954	396223	1.00		76	118
-0.536;0.081	-0.256;0.636	101	1.000	1.000	1	94.11	399958	396232	1.00		844	844
-0.422;0.699	-0.405;0.131	101	0.648	0.917	1	75.73	399986	396263	1.00		696	759
0.104;0.481	0.139;0.905	111	1.000	1.000	2	64.06	399979	396332	1.00		857	857
0.104;0.489	0.016;0.879	111	0.782	0.952	1	64.66	399979	396332	1.00		815	856
-6.589;-0.560	-2.237;0.689	001	1.000	1.000	1	73.63	399978	396376	1.00		253	253
0.506;0.745	0.369;0.992	110	0.826	0.962	1	58.20	399991	396395	1.00		256	266
0.491;0.979	-3.130;0.143	100	1.000	1.000	2	58.26	399942	396410	1.00		91	91
-6.589;-0.560	-0.289;0.575	001	1.000	1.000	1	75.04	399978	396513	1.00		179	179
0.104;0.489	0.408;1.272	111	0.669	0.923	1	56.90	399979	396540	1.00		598	648
-0.744;-0.202	0.008;0.786	101	0.431	0.845	1	85.72	399980	396575	1.00		431	510
-0.208;0.489	0.139;0.882	111	0.173	0.704	1	72.58	399979	396613	1.00		831	1180
0.491;1.581	-3.655;0.143	100	1.000	1.000	1	58.27	399942	396621	1.00		85	85
0.500;0.979	-3.679;0.143	100	1.000	1.000	2	58.27	399942	396621	1.00		85	85
-0.536;0.405	#	101	0.098	0.629	1	71.64	399986	396628	0.50		1385	2202
0.506;0.745	0.153;0.943	110	1.000	1.000	1	58.33	399991	396767	1.00		294	294
-6.589;-0.517	-0.937;1.340	001	0.511	0.874	1	67.58	399978	396813	1.00		313	358
#	-0.878;-0.407	001	1.000	1.000	1	66.50	399984	396843	0.50		73	73
0.500;3.255	-2.847;0.101	100	1.000	1.000	1	59.20	399942	396874	1.00		53	53
0.749;4.047	0.777;1.270	010	1.000	1.000	1	60.29	399870	397102	1.00		32	32
0.015;0.081	-0.346;0.636	101	1.000	1.000	1	94.00	399958	397214	1.00		72	72
-0.536;0.081	-0.405;0.952	101	1.000	1.000	1	89.51	399980	397214	1.00		934	934
-0.673;0.158	#	101	0.274	0.772	1	75.87	399980	397300	0.50		1014	1314
#	-0.770;0.235	101	0.108	0.640	1	67.83	399986	397400	0.50		653	1020
0.104;0.481	0.139;0.998	111	0.785	0.953	1	58.39	399979	397403	1.00		605	635
0.761;3.725	-0.077;0.532	010	1.000	1.000	1	65.82	399998	397451	1.00		22	22
0.749;3.825	0.113;1.196	010	1.000	1.000	1	65.34	399998	397451	1.00		86	86
0.491;1.603	-3.655;0.143	100	1.000	1.000	1	58.27	399942	397457	1.00		64	64
-0.536;-0.203	-0.337;0.541	101	1.000	1.000	1	93.52	399924	397460	1.00		329	329
-0.646;0.475	-0.968;-0.407	001	1.000	1.000	1	66.51	399984	397507	1.00		58	58
0.884;3.725	#	010	1.000	1.000	1	65.46	399700	397606	0.50		13	13
-0.554;0.081	-0.362;0.636	101	1.000	1.000	1	93.53	399958	397679	1.00		582	582
-0.399;0.081	#	101	0.772	0.950	1	89.29	399980	397679	0.50		622	655
-0.536;0.081	0.282;0.877	101	1.000	1.000	1	85.47	399980	397729	1.00		363	363
0.761;3.725	0.346;1.333	010	1.000	1.000	1	66.24	399998	397776	1.00		62	62
-7.294;-0.560	-2.237;1.273	001	1.000	1.000	1	71.86	399978	397925	1.00		190	190
#	-0.721;-0.407	001	1.000	1.000	1	66.48	399984	397925	0.50		47	47
#	-0.405;0.474	101	0.073	0.593	1	66.10	399986	397948	0.50		660	1113
-0.554;0.081	-0.380;0.952	101	1.000	1.000	1	89.84	399980	397967	1.00		680	680
-0.554;0.081	-0.330;0.364	101	1.000	1.000	1	94.10	399958	397971	1.00		370	370
-6.269;-0.560	-0.299;0.069	001	1.000	1.000	1	78.35	399925	398039	1.00		52	52
-0.536;0.081	-0.256;0.952	101	1.000	1.000	1	90.74	399980	398078	1.00		573	573
#	-1.064;0.131	101	0.191	0.718	1	68.22	399986	398094	0.50		407	567
0.749;4.047	0.113;1.196	010	1.000	1.000	2	65.35	399998	398149	1.00		62	62
-0.536;0.081	-0.288;0.491	101	1.000	1.000	1	93.72	399958	398158	1.00		389	389
-0.554;0.081	-0.405;0.853	101	1.000	1.000	1	89.70	399980	398179	1.00		597	597
0.506;0.745	0.352;1.117	110	0.824	0.962	1	58.20	399991	398190	1.00		127	132
0.761;4.047	0.113;1.196	010	1.000	1.000	1	66.09	399998	398253	1.00		55	55
-0.987;-0.047	-2.237;-0.407	001	1.000	1.000	1	73.08	399950	398379	1.00		21	21
-0.980;0.081	0.283;0.958	101	0.322	0.797	1	82.75	399980	398462	1.00		263	330
0.506;0.745	0.202;0.562	110	1.000	1.000	1	59.77	399991	398617	1.00		47	47
-0.554;0.081	-0.079;0.952	101	1.000	1.000	1	88.69	399980	398753	1.00		346	346
0.506;1.299	#	110	0.074	0.595	1	55.11	399991	398765	0.50		113	190
0.749;3.725	-0.239;0.695	010	1.000	1.000	1	67.40	399998	398847	1.00		10	10
#	-0.366;0.398	101	0.082	0.606	1	73.07	399986	398897	0.50		309	510
0.506;1.077	0.139;0.944	110	0.207	0.730	1	55.75	399991	398944	1.00		100	137
-6.406;-1.097	-0.268;1.958	001	0.100	1.000	1	74.91	398956	398956	1.00		0	0
0.749;3.568	0.113;0.978	010	1.000	1.000	1	65.37	399998	399002	1.00		34	34
0.104;0.731	0.139;0.879	111	0.226	0.743	1	56.82	399979	399195	1.00		185	249
0.104;0.481	0.126;0.905	111	1.000	1.000	1	64.06	399979	399195	1.00		182	182
0.104;0.489	0.139;1.030	111	0.722	0.937	1	57.19	399979	399232	1.00		178	190
0.500;1.864	-2.859;0.143	100	1.000	1.000	1	58.65	399942	399244	1.00		18	18
-0.554;0.081	-0.362;0.958	101	1.000	1.000	1	90.53	399980	399302	1.00		225	225
-0.550;0.081	0.283;0.952	101	1.000	1.000	1	85.34	399980	399302	1.00		117	117
-0.589;0.559	#	101	0.057	0.565	1	61.72	399986	399524	0.50		210	372
-0.528;0.559	#	101	0.058	0.566	1	61.72	399986	399524	0.50		207	366
-0.536;0.081	-0.256;0.786	101	1.000	1.000	1	92.49	399980	399531	1.00		129	129
-0.536;0.081	-0.043;0.991	101	0.961	0.992	1	87.73	399980	399531	1.00		126	127
-0.500;0.081	-0.590;0.749	101	0.794	0.955	1	89.17	399980	399575	1.00		127	133
-0.536;-0.059	0.058;0.866	101	1.000	1.000	1	86.86	399980	399575	1.00		78	78
-0.612;0.125	-1.237;-0.407	001	1.000	1.000	1	70.17	399984	399601	1.00		6	6
1.371;3.255	-3.130;0.143	100	0.100	1.000	1	55.69	399660	399660	1.00		0	0
#	-0.256;0.958	101	0.015	0.431	1	60.22	399986	399687	0.50		119	276
-0.536;0.081	-0.094;0.636	101	1.000	1.000	1	92.80	399958	399687	1.00		64	64
0.104;0.253	#	111	0.108	0.641	1	58.82	399893	399704	0.50		25	39
#	-2.333;-0.452	001	1.000	1.000	1	71.00	399950	399775	0.50		1	1
0.749;3.825	0.056;0.764	010	1.000	1.000	1	67.67	399998	399821	1.00		3	3
#	0.396;0.905	111	0.013	0.418	1	61.61	399979	399851	0.50		28	67
0.104;0.522	0.723;1.274	111	0.269	0.769	1	50.47	399927	399851	1.00		10	13
0.104;0.481	0.238;0.882	111	1.000	1.000	1	65.57	399979	399872	1.00		20	20
-0.561;0.578	0.774;1.142	001	0.000	0.071	1	49.53	399878	399878	1.00		1	14
0.104;0.513	0.723;1.557	111	0.078	0.600	1	46.00	399927	399927	1.00		3	5
-0.190;1.166	0.577;1.313	011	0.001	0.222	2	48.56	399994	399948	1.00		2	9
0.096;0.656	-0.405;0.131	101	1.000	1.000	1	52.00	399986	399986	1.00		1	1
0.506;0.745	0.142;1.520	110	0.100	1.000	1	58.33	399991	399991	1.00		0	0
-0.190;1.166	#	011	0.000	0.000	1	47.00	399994	399994	0.50		0	4
