att1	att2	Phenotype	Fitness	Accuracy	Numerosity	AveMatchSetSize	TimeStampGA	InitTimeStamp	Specificity	DeletionProb	CorrectCount	MatchCount
-0.554;0.090	#	101	0.755	0.945	8	75.32	399975	133790	0.50		92298	97637
0.514;0.758	#	110	0.237	0.750	2	52.88	399991	154465	0.50		21103	28138
0.514;0.758	0.157;0.921	110	1.000	1.000	3	54.73	399991	154887	1.00		21068	21068
0.091;0.499	#	111	0.190	0.718	2	55.20	399993	200761	0.50		53663	74783
-5.001;-0.566	#	001	1.000	1.000	1	71.18	399978	233328	0.50		15286	15286
0.515;2.893	-0.585;0.149	100	1.000	1.000	1	51.53	399942	253362	1.00		3780	3780
0.514;0.758	0.157;0.808	110	1.000	1.000	2	54.89	399991	254953	1.00		11219	11219
#	-1.324;-0.395	001	1.000	1.000	2	63.53	399984	256259	0.50		4115	4115
0.765;4.510	#	010	1.000	1.000	1	53.72	399998	266154	0.50		3834	3834
#	-0.403;0.139	101	0.304	0.788	3	72.89	399997	267445	0.50		29628	37605
0.514;0.758	0.157;0.726	110	1.000	1.000	1	54.41	399991	274002	1.00		8304	8304
0.420;0.499	0.109;0.900	111	1.000	1.000	2	57.11	399977	288931	1.00		4776	4776
0.765;4.479	#	010	1.000	1.000	4	53.72	399998	303674	0.50		2760	2760
0.556;0.758	0.157;0.941	110	1.000	1.000	1	53.87	399991	315184	1.00		5833	5833
-0.224;0.584	0.943;1.282	011	0.328	0.800	1	48.09	399994	318282	1.00		937	1171
#	-2.275;-0.395	001	1.000	1.000	3	63.53	399984	331720	0.50		1954	1954
0.765;3.978	0.381;1.047	010	1.000	1.000	2	53.72	399998	332387	1.00		1937	1937
0.045;0.584	0.943;1.953	011	1.000	1.000	1	49.71	399994	334033	1.00		756	756
0.091;0.491	0.118;0.916	111	1.000	1.000	4	63.02	399993	337724	1.00		16053	16053
0.514;0.758	0.157;0.941	110	1.000	1.000	7	54.73	399991	338015	1.00		5324	5324
-5.611;-0.566	#	001	1.000	1.000	3	71.18	399978	339313	0.50		5565	5565
-0.554;-0.118	-0.403;0.910	101	1.000	1.000	2	78.89	399975	340192	1.00		14399	14399
-6.057;-0.566	#	001	1.000	1.000	2	71.18	399978	341474	0.50		5371	5371
0.765;4.479	0.204;1.224	010	1.000	1.000	1	53.72	399998	343023	1.00		1631	1631
0.515;2.737	-0.579;0.149	100	1.000	1.000	2	51.53	399942	343820	1.00		1448	1448
-0.578;0.090	#	101	0.700	0.931	2	75.32	399975	344109	0.50		19535	20978
0.091;0.499	0.155;0.928	111	1.000	1.000	3	60.63	399993	344190	1.00		14554	14554
0.091;0.491	0.118;0.928	111	1.000	1.000	1	63.02	399993	344281	1.00		14364	14364
-0.578;0.561	-0.403;0.139	101	1.000	1.000	3	74.73	399997	345342	1.00		12215	12215
0.765;4.395	0.034;1.250	010	1.000	1.000	1	53.72	399998	345927	1.00		1549	1549
0.514;0.758	0.182;0.941	110	1.000	1.000	5	54.79	399991	347497	1.00		4360	4360
0.045;0.584	0.943;1.976	011	1.000	1.000	1	49.71	399994	348049	1.00		595	595
0.045;0.853	0.943;1.953	011	0.328	0.800	2	44.18	399994	350390	1.00		569	711
-5.302;-0.566	-1.366;1.215	001	1.000	1.000	1	71.18	399978	350401	1.00		4549	4549
-5.298;-0.566	#	001	1.000	1.000	2	71.18	399978	350810	0.50		4510	4510
0.045;0.584	0.923;1.748	011	1.000	1.000	1	48.26	399994	351673	1.00		693	693
#	-0.312;0.139	101	0.308	0.790	3	79.70	399997	352284	0.50		8748	11074
-4.761;-0.566	-0.012;1.050	001	1.000	1.000	1	69.81	399978	353449	1.00		2402	2402
-0.608;0.242	-0.150;0.139	101	0.869	0.972	1	93.03	399903	353616	1.00		4653	4786
-5.611;-0.575	-0.850;0.127	001	1.000	1.000	1	72.88	399925	353716	1.00		1858	1858
0.765;4.510	0.311;1.118	010	1.000	1.000	1	53.72	399998	354025	1.00		1317	1317
1.523;3.495	0.204;1.360	010	0.100	1.000	1	59.40	354628	354628	1.00		0	0
-3.666;-0.566	#	001	1.000	1.000	1	71.18	399978	354763	0.50		4151	4151
-0.554;0.090	-0.386;0.917	101	1.000	1.000	1	78.53	399975	357031	1.00		14774	14774
-0.112;0.561	-0.403;0.139	101	1.000	1.000	3	58.65	399997	357379	1.00		5373	5373
0.515;2.893	-0.978;0.149	100	1.000	1.000	1	51.53	399942	357533	1.00		1093	1093
-0.033;0.584	0.923;1.843	011	0.401	0.833	1	47.16	399994	358170	1.00		599	719
0.091;0.499	0.119;0.928	111	1.000	1.000	5	60.63	399993	358822	1.00		11091	11091
0.514;0.758	0.157;0.900	110	1.000	1.000	4	54.73	399991	358906	1.00		3530	3530
-0.578;0.327	-0.403;0.139	101	1.000	1.000	1	86.48	399975	359006	1.00		7867	7867
0.493;2.893	-0.585;0.149	100	1.000	1.000	1	51.53	399942	360289	1.00		1022	1022
0.091;0.499	0.118;0.928	111	1.000	1.000	9	60.63	399993	360385	1.00		10667	10667
-4.796;-0.566	#	001	1.000	1.000	2	71.18	399978	360460	0.50		3629	3629
-5.561;-0.566	#	001	1.000	1.000	1	71.18	399978	361220	0.50		3557	3557
0.045;0.584	0.923;1.976	011	1.000	1.000	3	48.26	399994	362009	1.00		544	544
0.515;3.501	-1.191;0.149	100	1.000	1.000	1	51.53	399942	362070	1.00		976	976
0.515;3.261	-1.665;0.149	100	1.000	1.000	1	51.53	399942	362346	1.00		969	969
-0.554;0.090	-0.005;0.269	101	1.000	1.000	1	87.39	399903	363335	1.00		3048	3048
-0.578;0.536	-0.706;0.139	101	0.613	0.907	1	69.61	399997	363575	1.00		8138	8974
#	0.923;1.976	011	0.096	0.625	1	45.31	399994	364001	0.50		516	825
-5.302;-0.566	0.317;1.096	001	1.000	1.000	1	68.22	399978	364206	1.00		1436	1436
0.515;3.501	-0.535;-0.458	100	0.100	1.000	1	48.44	364936	364936	1.00		0	0
0.528;0.584	0.943;1.976	011	0.100	1.000	1	50.80	365094	365094	1.00		0	0
0.515;3.717	-0.417;-0.367	100	0.100	1.000	1	47.36	365175	365175	1.00		0	0
-5.298;-0.566	0.048;0.714	001	1.000	1.000	1	71.92	399978	365664	1.00		1182	1182
0.383;0.499	#	111	0.227	0.743	1	53.84	399977	366151	0.50		2522	3394
0.091;0.499	0.316;0.900	111	1.000	1.000	1	61.90	399993	368517	1.00		6581	6581
-0.033;0.833	0.923;1.976	011	0.096	0.626	1	45.31	399994	368861	1.00		447	714
0.765;4.623	0.034;1.250	010	1.000	1.000	1	53.72	399998	369084	1.00		885	885
#	-1.525;-0.395	001	1.000	1.000	4	63.53	399984	369272	0.50		882	882
-0.350;0.561	-0.403;0.139	101	1.000	1.000	1	72.92	399997	370112	1.00		5311	5311
0.091;0.491	0.118;0.772	111	1.000	1.000	2	63.58	399993	370132	1.00		6155	6155
-0.554;-0.118	-0.089;0.910	101	1.000	1.000	1	76.37	399924	370221	1.00		5976	5976
-6.057;-0.566	-1.387;1.215	001	1.000	1.000	2	71.18	399978	370920	1.00		2670	2670
-1.018;0.680	-1.306;-0.395	001	1.000	1.000	2	63.53	399984	371429	1.00		815	815
0.091;0.682	0.107;0.916	111	0.328	0.800	1	58.95	399993	371576	1.00		7816	9768
0.091;0.499	0.118;0.394	111	1.000	1.000	1	59.81	399845	371576	1.00		2195	2195
-0.916;0.584	0.923;1.748	011	0.400	0.833	1	47.16	399994	372962	1.00		388	466
-0.554;0.090	-0.573;0.910	101	0.785	0.953	1	75.34	399975	373356	1.00		9241	9700
-0.578;0.561	-0.312;0.139	101	1.000	1.000	1	82.40	399997	373702	1.00		4817	4817
1.030;2.903	-0.978;0.149	100	0.100	1.000	1	50.96	373767	373767	1.00		0	0
0.514;0.758	0.864;0.941	110	1.000	1.000	1	51.05	399706	373839	1.00		150	150
-5.145;-0.566	#	001	1.000	1.000	1	71.18	399978	373978	0.50		2389	2389
-6.011;-0.566	#	001	1.000	1.000	3	71.18	399978	374360	0.50		2354	2354
0.091;0.491	0.180;0.916	111	1.000	1.000	1	63.24	399993	374378	1.00		6308	6308
-0.229;0.440	0.316;0.916	111	0.128	0.663	1	65.95	399993	374727	1.00		4847	7310
-0.554;0.536	-0.440;0.551	101	0.168	0.700	1	67.65	399997	375011	1.00		8667	12385
0.765;4.479	-0.100;1.270	010	1.000	1.000	1	53.72	399998	375091	1.00		712	712
-0.578;0.536	-0.403;-0.206	101	1.000	1.000	1	64.14	399997	375316	1.00		2263	2263
0.514;0.758	0.157;0.941	110	1.000	1.000	3	54.73	399991	375674	1.00		2088	2088
-0.554;0.090	-0.403;0.910	101	1.000	1.000	1	78.33	399975	375976	1.00		8333	8333
-0.288;0.090	0.375;1.423	101	0.868	0.972	1	67.05	399880	375976	1.00		2408	2477
0.765;4.510	-1.033;1.389	010	1.000	1.000	1	53.72	399998	376361	1.00		677	677
-5.103;-0.566	#	001	1.000	1.000	1	71.18	399978	377293	0.50		2082	2082
-0.450;0.584	0.923;1.748	011	0.402	0.833	1	47.16	399994	377309	1.00		325	390
-0.554;0.090	-0.089;0.917	101	1.000	1.000	1	75.00	399958	377332	1.00		6367	6367
#	0.923;1.748	011	0.096	0.626	1	45.31	399994	377586	0.50		322	514
-0.112;0.561	-0.403;0.419	101	0.097	0.627	1	57.85	399997	377824	1.00		3307	5271
-0.429;0.258	-1.387;-0.395	001	1.000	1.000	1	59.36	399984	377963	1.00		380	380
-0.342;0.090	-0.403;0.705	101	1.000	1.000	1	81.94	399975	377971	1.00		4482	4482
#	-2.275;-0.421	001	1.000	1.000	1	62.24	399984	378060	0.50		500	500
-1.473;0.680	-1.324;-0.395	001	1.000	1.000	1	63.53	399984	378060	1.00		625	625
-6.011;-0.566	-0.405;0.176	001	1.000	1.000	1	72.12	399925	378146	1.00		878	878
0.514;0.758	0.146;0.941	110	1.000	1.000	2	54.73	399991	378389	1.00		1855	1855
0.765;4.479	0.415;1.265	010	1.000	1.000	1	53.98	399998	378507	1.00		553	553
0.091;0.221	0.118;0.928	111	1.000	1.000	1	63.61	399872	378604	1.00		1833	1833
-0.487;0.090	-0.156;0.917	101	1.000	1.000	1	77.11	399958	378833	1.00		5705	5705
0.091;0.475	0.118;0.928	111	1.000	1.000	1	63.03	399993	378882	1.00		5380	5380
-0.554;0.090	-0.029;0.917	101	1.000	1.000	2	73.69	399958	379224	1.00		5600	5600
-0.578;0.481	-0.403;0.139	101	1.000	1.000	2	74.73	399997	379769	1.00		4463	4463
-5.298;-0.566	-0.055;1.464	001	1.000	1.000	1	70.79	399978	379994	1.00		1090	1090
-4.436;-0.566	-0.012;0.810	001	1.000	1.000	1	71.56	399978	379994	1.00		802	802
0.515;3.501	-0.978;0.154	100	1.000	1.000	2	51.53	399942	380218	1.00		508	508
-0.554;-0.148	0.106;0.917	101	1.000	1.000	1	70.26	399924	380271	1.00		2943	2943
-0.261;0.584	0.923;1.976	011	0.402	0.833	1	47.16	399994	380450	1.00		280	336
0.765;4.479	-0.029;0.978	010	1.000	1.000	1	53.72	399998	380454	1.00		560	560
0.765;4.623	0.034;1.123	010	1.000	1.000	1	53.72	399998	380898	1.00		547	547
-0.727;0.557	-1.324;-0.395	001	1.000	1.000	1	61.58	399984	381104	1.00		489	489
-6.011;-0.584	#	001	1.000	1.000	1	71.01	399978	381260	0.50		1616	1616
0.515;2.893	-1.191;0.149	100	1.000	1.000	1	51.53	399942	381403	1.00		478	478
-0.450;0.584	0.923;1.976	011	0.401	0.833	2	47.16	399994	381553	1.00		264	317
-5.298;-0.555	#	001	1.000	1.000	3	71.18	399978	382160	0.50		1637	1637
0.515;3.501	-0.749;0.149	100	1.000	1.000	2	51.53	399942	382210	1.00		458	458
-0.554;0.090	-0.386;0.910	101	1.000	1.000	2	78.53	399975	382234	1.00		6114	6114
0.515;3.261	-0.585;0.149	100	1.000	1.000	1	51.53	399942	382239	1.00		456	456
-0.342;0.033	-0.403;1.294	101	0.934	0.986	1	80.69	399975	382340	1.00		3695	3746
0.515;2.737	-1.252;0.149	100	1.000	1.000	1	51.53	399942	382386	1.00		453	453
-5.298;-0.555	-1.372;1.882	001	1.000	1.000	2	71.18	399978	382484	1.00		1608	1608
#	-0.005;0.139	101	0.449	0.852	1	88.05	399944	382843	0.50		1129	1325
-0.919;0.035	-2.275;-0.395	001	1.000	1.000	1	68.16	399984	383198	1.00		386	386
#	-2.345;-0.395	001	1.000	1.000	1	63.53	399984	383198	0.50		483	483
0.091;0.499	0.195;0.928	111	1.000	1.000	3	60.75	399993	383311	1.00		4256	4256
-1.064;0.090	-0.375;0.910	101	0.336	0.804	1	76.58	399975	383436	1.00		5654	7034
-0.554;-0.227	#	101	0.736	0.941	1	77.45	399975	383436	0.50		2994	3183
0.514;0.758	0.504;0.858	110	1.000	1.000	1	59.21	399935	383482	1.00		755	755
0.765;3.115	#	010	1.000	1.000	2	53.72	399998	383507	0.50		471	471
0.515;4.238	-1.665;0.154	100	1.000	1.000	1	51.53	399942	383539	1.00		423	423
-0.864;0.561	-0.312;0.139	101	0.517	0.876	1	80.35	399997	383541	1.00		3016	3441
#	0.923;2.024	011	0.096	0.626	1	45.31	399994	383545	0.50		236	377
-0.727;0.557	-1.969;-0.395	001	1.000	1.000	3	61.58	399984	383581	1.00		425	425
0.850;5.133	-0.029;1.016	010	1.000	1.000	1	54.37	399998	383619	1.00		234	234
0.514;0.758	0.146;0.647	110	1.000	1.000	1	53.59	399991	383959	1.00		827	827
0.514;0.988	0.146;0.900	110	0.237	0.750	1	52.39	399991	384034	1.00		1370	1827
-0.417;0.561	-0.312;0.139	101	1.000	1.000	3	81.88	399997	384041	1.00		2517	2517
#	-0.089;0.139	101	0.424	0.843	1	88.99	399944	384111	0.50		1455	1727
0.765;3.978	0.311;1.445	010	1.000	1.000	1	53.72	399998	384344	1.00		448	448
0.765;4.479	-0.029;1.118	010	1.000	1.000	1	53.72	399998	384514	1.00		442	442
0.765;4.623	#	010	1.000	1.000	1	53.72	399998	384693	0.50		438	438
-0.554;0.090	-0.386;0.735	101	1.000	1.000	1	80.58	399975	384882	1.00		4550	4550
-5.298;-0.555	0.057;0.850	001	1.000	1.000	1	71.56	399978	384971	1.00		602	602
#	-1.404;-0.395	001	1.000	1.000	1	63.53	399984	385019	0.50		428	428
0.765;4.479	0.034;1.265	010	1.000	1.000	1	53.72	399998	385138	1.00		425	425
-0.801;0.258	-1.404;-0.395	001	1.000	1.000	1	61.58	399984	385368	1.00		376	376
0.514;0.679	0.182;0.941	110	1.000	1.000	2	57.96	399991	385479	1.00		788	788
0.765;4.623	0.034;1.118	010	1.000	1.000	2	53.72	399998	385512	1.00		414	414
-0.554;0.090	-0.382;0.917	101	1.000	1.000	4	78.56	399975	385697	1.00		4877	4877
-5.298;-0.566	-0.213;0.793	001	1.000	1.000	2	73.05	399978	385927	1.00		809	809
-0.554;-0.148	#	101	0.785	0.953	1	77.19	399975	386214	0.50		3164	3321
0.765;4.479	0.407;0.584	010	1.000	1.000	1	53.20	399998	386299	1.00		79	79
-0.554;0.561	-0.403;0.139	101	1.000	1.000	1	74.74	399997	386370	1.00		3007	3007
0.045;0.584	0.923;1.488	011	1.000	1.000	2	48.26	399994	386383	1.00		195	195
-0.578;1.069	-0.403;0.139	101	0.581	0.897	1	73.60	399997	386501	1.00		3016	3362
-5.212;-0.566	-1.366;1.215	001	1.000	1.000	2	71.18	399978	386871	1.00		1207	1207
0.514;0.758	0.504;0.941	110	1.000	1.000	2	58.61	399935	386972	1.00		669	669
0.045;0.584	1.466;1.976	011	0.100	1.000	1	48.44	387384	387384	1.00		0	0
-0.554;0.461	-0.382;0.917	101	0.096	0.626	1	69.89	399997	387407	1.00		5303	8475
0.765;5.133	#	010	1.000	1.000	1	53.72	399998	387529	0.50		357	357
0.091;2.169	0.107;0.916	111	0.137	0.671	1	57.04	399993	387652	1.00		3391	5050
-2.164;0.680	-1.835;-0.395	001	1.000	1.000	1	63.53	399984	387832	1.00		345	345
1.230;4.623	0.034;1.250	010	0.100	1.000	1	63.56	387930	387930	1.00		0	0
-0.919;0.680	-1.953;-0.395	001	1.000	1.000	1	63.53	399984	388084	1.00		343	343
-0.578;0.481	-0.375;0.139	101	1.000	1.000	3	76.98	399997	388100	1.00		2489	2489
-0.801;0.258	-2.087;-0.395	001	1.000	1.000	1	61.58	399984	388118	1.00		308	308
-0.421;0.327	-0.403;0.139	101	1.000	1.000	2	86.21	399975	388261	1.00		1884	1884
0.091;0.499	0.118;0.900	111	1.000	1.000	1	60.88	399993	388906	1.00		2890	2890
0.091;0.491	0.118;1.040	111	0.762	0.947	2	60.89	399993	388933	1.00		2851	3010
0.515;3.501	-1.019;-0.223	100	1.000	1.000	1	46.93	399942	388943	1.00		95	95
-1.473;-0.566	-1.387;-0.395	001	1.000	1.000	1	87.61	399670	389200	1.00		61	61
-0.518;0.090	-0.106;0.910	101	1.000	1.000	2	75.04	399958	389258	1.00		2954	2954
#	-0.326;0.269	101	0.141	0.676	1	72.00	399997	389258	0.50		2372	3508
-0.899;0.584	0.923;1.843	011	0.406	0.835	1	47.16	399994	389452	1.00		152	182
0.091;0.499	0.119;1.517	111	0.770	0.949	1	58.97	399993	389457	1.00		2836	2988
0.765;4.395	0.235;1.212	010	1.000	1.000	1	53.72	399998	389552	1.00		299	299
-0.554;-0.118	-0.399;0.910	101	1.000	1.000	1	78.89	399975	389803	1.00		2457	2457
-0.901;-0.359	-1.969;-0.395	001	1.000	1.000	1	70.81	399775	389898	1.00		173	173
#	-0.375;0.139	101	0.286	0.778	1	74.23	399997	390005	0.50		2118	2721
0.091;0.499	0.118;0.841	111	1.000	1.000	1	61.31	399993	390205	1.00		2468	2468
-0.417;0.090	-0.573;0.418	101	0.726	0.938	1	82.74	399975	390261	1.00		1676	1787
-6.057;-0.566	0.178;0.674	001	1.000	1.000	1	72.20	399978	390334	1.00		251	251
0.493;2.694	-1.495;0.149	100	1.000	1.000	2	51.53	399942	390339	1.00		247	247
-0.608;0.327	#	101	0.131	0.666	1	70.12	399975	390344	0.50		3904	5865
-0.578;0.242	#	101	0.234	0.748	1	72.08	399975	390344	0.50		3765	5036
0.765;4.623	0.591;1.257	010	1.000	1.000	1	54.15	399910	390447	1.00		217	217
0.091;0.499	0.305;1.112	111	0.732	0.940	1	59.52	399993	390528	1.00		2116	2252
0.514;0.679	-0.080;0.911	110	0.621	0.909	1	57.62	399991	390568	1.00		540	594
-6.057;-0.566	-1.366;1.215	001	1.000	1.000	1	71.18	399978	390573	1.00		864	864
-1.473;0.510	-1.969;-0.395	001	1.000	1.000	1	63.53	399984	390596	1.00		269	269
0.515;2.737	-0.904;0.149	100	1.000	1.000	1	51.53	399942	390652	1.00		239	239
0.765;4.479	0.204;1.264	010	1.000	1.000	1	53.72	399998	390948	1.00		259	259
-5.409;-0.566	#	001	1.000	1.000	1	71.18	399978	391032	0.50		827	827
-5.611;-0.584	-0.914;0.570	001	1.000	1.000	1	72.53	399978	391059	1.00		567	567
#	0.943;2.388	011	0.134	0.669	1	43.92	399994	391223	0.50		101	151
1.617;4.336	#	010	0.100	1.000	1	60.46	391494	391494	0.50		0	0
-1.473;1.279	-1.387;-0.395	001	1.000	1.000	1	63.53	399984	391574	1.00		243	243
-1.018;0.809	-1.306;-0.395	001	1.000	1.000	2	63.53	399984	391608	1.00		242	242
0.765;4.479	0.071;0.992	010	1.000	1.000	1	53.72	399998	391646	1.00		239	239
0.091;0.491	#	111	0.178	0.708	1	56.04	399993	391801	0.50		2109	2977
-5.298;-0.566	0.492;0.714	001	1.000	1.000	1	69.08	399954	391839	1.00		93	93
0.091;0.475	0.430;0.928	111	1.000	1.000	1	63.48	399993	391880	1.00		1369	1369
0.371;0.561	-0.312;0.139	101	1.000	1.000	2	50.57	399997	391882	1.00		141	141
-0.554;0.090	-0.399;0.705	101	1.000	1.000	1	80.23	399975	391905	1.00		2388	2388
#	-0.045;0.139	101	0.442	0.849	1	87.71	399944	392133	0.50		632	744
-5.611;-0.555	#	001	1.000	1.000	1	71.18	399978	392219	0.50		717	717
0.765;4.479	0.034;1.250	010	1.000	1.000	2	53.72	399998	392232	1.00		221	221
0.514;0.758	0.146;0.941	110	1.000	1.000	1	54.73	399991	392278	1.00		662	662
-1.196;0.161	-1.835;-0.395	001	1.000	1.000	1	64.88	399984	392314	1.00		199	199
-0.983;0.090	#	101	0.249	0.757	1	74.02	399975	392399	0.50		2659	3511
0.091;0.499	0.155;1.051	111	0.763	0.947	1	58.97	399993	392493	1.00		1956	2065
0.674;3.501	-1.495;0.149	100	1.000	1.000	1	53.40	399900	392709	1.00		84	84
-0.518;0.090	#	101	0.751	0.944	3	75.33	399975	392722	0.50		2464	2609
-0.554;0.090	-0.047;0.917	101	1.000	1.000	1	73.69	399958	392770	1.00		1947	1947
-6.057;-0.555	-1.366;1.707	001	1.000	1.000	1	71.18	399978	392821	1.00		662	662
-0.350;-0.223	-0.403;0.139	101	1.000	1.000	1	101.25	399975	392851	1.00		289	289
0.091;0.499	0.155;1.478	111	0.763	0.947	1	58.97	399993	392892	1.00		1849	1952
-1.059;0.135	#	101	0.166	0.698	1	73.97	399975	392909	0.50		2583	3701
-4.761;-0.566	-0.012;0.810	001	1.000	1.000	1	71.56	399978	392989	1.00		281	281
-0.518;0.090	-0.089;0.735	101	1.000	1.000	2	77.59	399958	393065	1.00		1591	1591
-5.298;-0.566	-0.041;0.894	001	1.000	1.000	1	70.09	399978	393126	1.00		337	337
-0.916;0.584	0.923;1.843	011	0.409	0.836	1	47.16	399994	393291	1.00		97	116
0.469;0.499	0.118;0.928	111	1.000	1.000	1	51.50	399977	393320	1.00		116	116
-0.578;0.481	-0.342;0.139	101	1.000	1.000	1	78.25	399997	393335	1.00		1280	1280
-0.554;-0.462	-0.403;0.139	101	1.000	1.000	1	81.38	399716	393389	1.00		133	133
-1.018;0.809	-1.306;-0.821	001	0.100	1.000	1	67.25	393416	393416	1.00		0	0
0.514;0.758	0.635;0.941	110	1.000	1.000	1	59.50	399935	393424	1.00		261	261
0.232;0.499	0.118;0.841	111	1.000	1.000	1	60.60	399993	393498	1.00		1043	1043
-0.260;0.752	-2.275;-0.395	001	1.000	1.000	1	56.35	399984	393702	1.00		73	73
0.016;0.667	0.195;0.841	111	0.217	0.737	1	60.07	399993	393823	1.00		1485	2016
0.493;2.893	-1.121;0.149	100	1.000	1.000	2	51.53	399942	393903	1.00		156	156
0.091;0.226	#	111	0.118	0.652	1	59.54	399872	393939	0.50		517	793
-0.578;0.561	-0.403;-0.093	101	1.000	1.000	1	65.75	399997	394033	1.00		770	770
0.059;0.090	#	101	1.000	1.000	1	77.12	399692	394100	0.50		119	119
-0.342;-0.118	-0.403;0.910	101	1.000	1.000	2	82.08	399975	394100	1.00		829	829
0.765;4.623	0.591;1.292	010	1.000	1.000	1	54.15	399910	394116	1.00		134	134
-0.342;0.090	-0.403;0.431	101	1.000	1.000	1	84.44	399975	394166	1.00		854	854
0.515;2.044	-0.927;0.149	100	1.000	1.000	1	51.53	399942	394252	1.00		147	147
-0.283;0.499	0.118;0.841	111	0.121	0.655	1	63.86	399993	394320	1.00		1426	2177
-0.421;0.090	#	101	0.784	0.952	1	78.01	399975	394391	0.50		1620	1701
1.667;3.978	#	010	0.100	1.000	1	60.88	394414	394414	0.50		0	0
-1.473;-0.555	#	001	1.000	1.000	1	71.18	399978	394435	0.50		510	510
0.765;4.171	-0.100;1.270	010	1.000	1.000	1	53.72	399998	394438	1.00		159	159
0.765;4.510	0.034;1.265	010	1.000	1.000	1	53.72	399998	394465	1.00		158	158
0.514;0.758	0.146;1.217	110	0.852	0.968	1	53.54	399991	394612	1.00		460	475
0.211;0.561	-0.312;0.139	101	1.000	1.000	1	51.97	399997	394674	1.00		213	213
0.514;0.758	-0.366;1.217	110	0.238	0.750	1	52.88	399991	394820	1.00		442	589
-5.298;-0.555	-0.559;1.707	001	1.000	1.000	1	71.18	399978	394951	1.00		466	466
0.765;3.978	#	010	1.000	1.000	1	53.72	399998	395024	0.50		141	141
0.765;3.978	0.381;1.118	010	1.000	1.000	1	53.72	399998	395207	1.00		137	137
-0.919;0.680	-1.839;-0.395	001	1.000	1.000	1	63.53	399984	395238	1.00		134	134
0.493;3.261	-1.771;-0.097	100	1.000	1.000	1	48.54	399942	395299	1.00		67	67
-0.342;0.090	-0.089;0.705	101	1.000	1.000	1	78.88	399958	395463	1.00		714	714
-0.554;0.090	-0.953;0.917	101	0.785	0.953	1	75.34	399975	395463	1.00		1572	1650
0.091;0.475	#	111	0.200	0.725	1	56.23	399993	395493	0.50		1150	1587
-0.919;0.680	-2.275;-0.395	001	1.000	1.000	1	63.53	399984	395510	1.00		125	125
-4.796;-0.555	#	001	1.000	1.000	1	71.18	399978	395525	0.50		412	412
0.514;0.758	0.157;0.809	110	1.000	1.000	2	54.89	399991	395551	1.00		343	343
-0.554;0.090	-0.386;0.159	101	1.000	1.000	2	93.27	399975	395562	1.00		598	598
0.765;4.623	0.311;1.123	010	1.000	1.000	1	53.72	399998	395682	1.00		122	122
-0.134;0.860	-0.403;0.139	101	0.412	0.838	1	57.36	399997	395769	1.00		557	665
-1.473;-1.190	#	001	0.100	1.000	1	83.00	395831	395831	0.50		0	0
-6.011;-0.566	-1.387;-0.395	001	1.000	1.000	1	87.71	399670	395831	1.00		23	23
-0.429;1.192	-1.387;-0.395	001	1.000	1.000	1	59.36	399984	395859	1.00		69	69
0.420;0.499	#	111	0.181	0.710	2	53.28	399977	395983	0.50		174	245
0.514;0.758	0.157;1.285	110	0.852	0.968	1	53.54	399991	396046	1.00		338	349
0.514;0.758	0.589;0.941	110	1.000	1.000	2	59.63	399935	396174	1.00		164	164
-0.375;0.090	-0.156;0.917	101	1.000	1.000	1	77.30	399958	396413	1.00		815	815
-6.057;-0.925	-1.366;1.215	001	0.100	1.000	1	58.03	396435	396435	1.00		0	0
0.493;3.501	-1.019;0.149	100	1.000	1.000	1	51.53	399942	396452	1.00		90	90
-0.554;0.090	-0.089;0.910	101	1.000	1.000	1	75.00	399958	396609	1.00		951	951
-5.298;-0.555	-1.366;1.707	001	1.000	1.000	1	71.18	399978	396660	1.00		310	310
-6.057;-0.540	#	001	0.659	0.920	1	70.92	399978	396660	0.50		310	337
0.091;0.355	0.430;0.928	111	1.000	1.000	1	63.61	399993	396731	1.00		380	380
-5.302;-0.555	-1.372;1.882	001	1.000	1.000	2	71.18	399978	396828	1.00		292	292
-4.517;1.345	-0.914;-0.395	001	1.000	1.000	1	63.53	399984	396843	1.00		92	92
0.045;0.584	0.923;2.553	011	1.000	1.000	2	48.25	399994	396853	1.00		45	45
0.765;4.479	0.415;1.270	010	1.000	1.000	1	53.98	399998	396857	1.00		81	81
0.515;3.501	-1.268;0.154	100	1.000	1.000	2	51.53	399942	396897	1.00		78	78
0.515;2.893	-0.904;0.149	100	1.000	1.000	1	51.53	399942	396970	1.00		76	76
-5.302;-0.555	#	001	1.000	1.000	1	71.18	399978	397009	0.50		278	278
-4.796;-0.584	#	001	1.000	1.000	1	71.01	399978	397105	0.50		252	252
-5.611;-0.555	-0.727;0.570	001	1.000	1.000	1	72.67	399978	397105	1.00		202	202
0.091;0.499	0.155;0.900	111	1.000	1.000	1	60.88	399993	397135	1.00		719	719
-5.561;-0.555	#	001	1.000	1.000	1	71.18	399978	397177	0.50		260	260
0.514;0.758	0.146;0.980	110	0.849	0.968	1	53.54	399991	397199	1.00		241	249
-0.350;-0.223	#	101	1.000	1.000	1	84.22	399975	397231	0.50		246	246
0.514;0.758	-0.074;0.776	110	0.514	0.876	1	54.89	399991	397325	1.00		204	233
0.091;0.499	0.180;0.928	111	1.000	1.000	1	60.75	399993	397461	1.00		649	649
0.091;0.491	0.637;1.033	111	0.477	0.862	1	59.71	399993	397461	1.00		238	276
-5.611;-0.555	-0.850;0.127	001	1.000	1.000	1	72.88	399925	397482	1.00		102	102
-0.578;0.772	-0.375;0.139	101	0.570	0.894	2	75.55	399997	397501	1.00		529	592
-0.518;0.090	-0.386;0.910	101	1.000	1.000	2	78.54	399975	397519	1.00		832	832
-1.443;0.090	-0.089;0.917	101	0.393	0.830	1	75.28	399958	397519	1.00		696	839
-5.409;-0.971	#	001	0.100	1.000	1	58.05	397533	397533	0.50		0	0
0.765;3.978	0.034;1.118	010	1.000	1.000	1	53.72	399998	397555	1.00		70	70
0.514;0.758	0.504;0.900	110	1.000	1.000	1	58.61	399935	397612	1.00		121	121
-6.057;-0.555	-1.366;1.779	001	1.000	1.000	2	71.18	399978	397619	1.00		220	220
-1.205;0.090	-0.386;0.917	101	0.325	0.799	1	76.57	399975	397628	1.00		826	1034
0.091;0.491	0.458;1.110	111	0.659	0.920	1	60.80	399993	397678	1.00		391	425
0.765;4.479	-0.100;1.224	010	1.000	1.000	1	53.72	399998	397776	1.00		62	62
-5.859;-0.555	#	001	1.000	1.000	2	71.18	399978	397803	0.50		205	205
-6.057;-0.566	-1.366;1.779	001	1.000	1.000	1	71.18	399978	397803	1.00		205	205
0.045;0.047	0.923;1.748	011	0.100	1.000	1	46.40	397828	397828	1.00		0	0
-0.916;0.564	0.923;1.843	011	0.402	0.833	1	47.23	399994	397900	1.00		30	36
0.091;0.499	0.180;0.916	111	1.000	1.000	1	60.75	399993	397986	1.00		518	518
0.005;0.475	#	111	0.092	0.621	1	58.20	399993	397986	0.50		511	823
-4.372;-0.566	0.105;0.898	001	1.000	1.000	1	70.09	399978	398056	1.00		97	97
#	0.923;2.553	011	0.093	0.622	1	45.35	399994	398090	0.50		28	45
1.146;4.238	-1.268;0.154	100	0.100	1.000	1	49.73	398091	398091	1.00		0	0
0.515;3.501	-1.665;0.154	100	1.000	1.000	2	51.54	399942	398091	1.00		48	48
0.091;0.499	0.118;1.519	111	0.765	0.948	1	58.97	399993	398100	1.00		508	536
0.514;0.758	0.120;1.125	110	0.555	0.889	1	53.70	399991	398102	1.00		160	180
-0.112;1.069	-0.403;0.139	101	0.400	0.833	1	57.24	399997	398128	1.00		234	281
0.045;0.584	0.923;2.421	011	1.000	1.000	1	48.51	399994	398203	1.00		26	26
-0.578;0.481	#	101	0.073	0.592	1	64.70	399997	398275	0.50		748	1263
-0.578;0.561	-0.342;-0.093	101	1.000	1.000	1	69.01	399997	398275	1.00		170	170
0.765;4.623	0.127;1.118	010	1.000	1.000	1	53.71	399998	398277	1.00		49	49
0.765;4.547	0.381;1.123	010	1.000	1.000	1	53.71	399998	398277	1.00		49	49
0.515;3.501	-0.749;0.069	100	1.000	1.000	1	49.61	399942	398330	1.00		27	27
0.514;1.133	0.157;0.941	110	0.181	0.711	1	52.43	399991	398343	1.00		140	197
-0.883;0.680	-2.275;-0.395	001	1.000	1.000	1	63.49	399984	398379	1.00		44	44
0.765;4.623	0.034;1.265	010	1.000	1.000	3	53.73	399998	398400	1.00		45	45
-5.985;-0.566	#	001	1.000	1.000	1	71.18	399978	398441	0.50		146	146
-0.554;-0.118	-0.089;0.917	101	1.000	1.000	1	76.37	399924	398462	1.00		310	310
-0.518;0.090	0.112;0.650	101	1.000	1.000	1	71.04	399958	398496	1.00		223	223
0.514;0.758	-0.212;0.609	110	0.195	0.721	1	52.54	399991	398560	1.00		62	86
-0.342;0.090	-0.403;0.917	101	1.000	1.000	1	79.81	399975	398562	1.00		355	355
-5.145;-0.555	#	001	1.000	1.000	1	71.18	399978	398582	0.50		130	130
0.514;0.758	0.589;1.488	110	0.720	0.937	1	56.40	399935	398617	1.00		59	63
0.091;0.499	0.118;0.449	111	1.000	1.000	1	60.39	399845	398622	1.00		124	124
0.091;0.491	0.430;0.916	111	1.000	1.000	1	63.46	399993	398672	1.00		229	229
0.765;4.510	-0.100;1.118	010	1.000	1.000	1	53.77	399998	398774	1.00		34	34
0.514;0.758	0.157;0.858	110	1.000	1.000	1	54.85	399991	398888	1.00		88	88
-0.554;0.561	#	101	0.055	0.560	1	63.69	399997	398892	0.50		480	857
-0.975;0.090	-0.386;0.910	101	0.332	0.802	1	76.57	399975	398928	1.00		369	460
-4.372;-0.566	#	001	1.000	1.000	1	71.18	399978	398956	0.50		95	95
-5.611;-0.566	0.105;0.245	001	1.000	1.000	1	72.62	399654	398956	1.00		8	8
0.525;0.995	0.628;1.039	010	0.020	0.459	1	53.67	399910	399013	1.00		28	61
-0.518;0.090	0.197;0.910	101	1.000	1.000	1	67.34	399958	399052	1.00		179	179
0.765;4.547	0.034;1.123	010	1.000	1.000	1	53.76	399998	399098	1.00		25	25
0.765;4.623	-0.001;0.820	010	1.000	1.000	1	53.80	399998	399123	1.00		17	17
0.514;0.758	-0.175;0.809	110	0.413	0.838	1	54.70	399991	399187	1.00		62	74
-0.554;0.090	0.134;0.845	101	1.000	1.000	1	67.12	399958	399260	1.00		148	148
-0.342;0.090	-0.403;0.910	101	1.000	1.000	1	79.81	399975	399277	1.00		176	176
0.403;0.855	-1.665;0.149	100	0.064	0.577	1	49.15	399942	399340	1.00		15	26
0.059;0.090	0.217;0.755	101	1.000	1.000	1	68.22	399692	399343	1.00		9	9
0.514;0.758	0.146;0.921	110	1.000	1.000	1	54.77	399991	399419	1.00		46	46
-4.796;-0.566	-0.553;0.297	001	1.000	1.000	1	73.04	399925	399548	1.00		27	27
0.515;3.261	-0.377;0.149	100	1.000	1.000	1	52.22	399942	399593	1.00		9	9
-0.417;0.561	-0.796;0.139	101	0.651	0.918	1	70.05	399997	399648	1.00		67	73
#	0.180;0.916	111	0.012	0.415	1	60.66	399993	399710	0.50		76	183
0.493;2.893	-1.191;-0.097	100	1.000	1.000	1	49.67	399942	399726	1.00		3	3
#	-0.094;0.302	101	0.099	0.630	1	72.97	399944	399763	0.50		34	54
0.765;3.994	0.034;1.265	010	1.000	1.000	1	54.60	399998	399796	1.00		5	5
-0.461;0.479	0.604;1.312	001	0.000	0.042	1	61.76	399878	399878	1.00		1	24
-6.057;-0.566	-1.366;1.139	001	1.000	1.000	1	70.00	399978	399925	1.00		9	9
0.081;0.931	0.012;1.046	110	0.001	0.231	1	55.87	399991	399928	1.00		6	26
0.514;0.758	0.504;0.682	110	1.000	1.000	1	54.00	399935	399935	1.00		1	1
-0.896;0.561	-0.403;0.139	101	0.237	0.750	1	71.62	399997	399944	1.00		12	16
