Explore_Iteration	MacroPopSize	MicroPopSize	Hamming_Loss	Accuracy	AveGenerality	Time(min)	TP	TN	OverGenAcc
1000	39	55	0.122	0.762	0.19	0.01	1.171	0.585	0.339
2000	83	132	0.1	0.804	0.17	0.02	1.185	0.616	0.345
3000	109	175	0.112	0.78	0.17	0.05	1.139	0.638	0.346
4000	130	200	0.097	0.81	0.18	0.08	1.164	0.643	0.346
5000	130	200	0.034	0.936	0.15	0.11	1.288	0.645	0.328
6000	132	200	0.021	0.96	0.14	0.14	1.322	0.635	0.000
7000	142	200	0.018	0.966	0.16	0.17	1.327	0.637	0.000
8000	141	200	0.023	0.957	0.14	0.20	1.319	0.635	0.000
9000	143	200	0.021	0.962	0.14	0.23	1.323	0.636	0.000
10000	148	200	0.018	0.967	0.14	0.26	1.327	0.637	0.000
11000	153	200	0.013	0.978	0.16	0.29	1.348	0.627	0.000
12000	150	200	0.015	0.973	0.15	0.31	1.341	0.63	0.000
13000	150	200	0.015	0.97	0.14	0.34	1.341	0.629	0.025
14000	147	200	0.015	0.971	0.12	0.37	1.344	0.627	0.001
15000	144	200	0.013	0.973	0.12	0.39	1.344	0.629	0.000
16000	145	200	0.013	0.973	0.12	0.42	1.346	0.627	0.000
17000	146	200	0.013	0.975	0.12	0.45	1.343	0.632	0.000
18000	150	200	0.012	0.976	0.13	0.48	1.352	0.624	0.000
19000	150	200	0.013	0.975	0.12	0.50	1.35	0.625	0.067
20000	151	200	0.013	0.974	0.14	0.54	1.344	0.63	0.035
21000	149	200	0.013	0.973	0.13	0.56	1.347	0.626	0.000
22000	145	200	0.013	0.975	0.12	0.58	1.347	0.628	0.000
23000	144	200	0.013	0.973	0.14	0.61	1.344	0.629	0.000
24000	141	200	0.013	0.974	0.14	0.63	1.343	0.631	0.000
25000	144	200	0.012	0.976	0.15	0.66	1.347	0.629	0.000
26000	149	200	0.012	0.976	0.17	0.68	1.354	0.622	0.000
27000	148	200	0.013	0.973	0.16	0.71	1.344	0.629	0.000
28000	148	200	0.013	0.973	0.16	0.73	1.349	0.624	0.000
29000	147	200	0.013	0.973	0.15	0.76	1.347	0.626	0.000
30000	145	200	0.013	0.975	0.14	0.79	1.344	0.631	0.012
31000	144	200	0.013	0.974	0.15	0.82	1.344	0.63	0.000
32000	147	200	0.013	0.975	0.14	0.84	1.345	0.63	0.000
33000	147	200	0.013	0.975	0.14	0.87	1.352	0.623	0.027
34000	150	200	0.013	0.975	0.15	0.89	1.349	0.626	0.000
35000	148	200	0.013	0.973	0.15	0.92	1.345	0.628	0.000
36000	142	200	0.013	0.973	0.14	0.95	1.349	0.624	0.000
37000	144	200	0.013	0.975	0.15	0.97	1.345	0.63	0.000
38000	138	200	0.013	0.973	0.16	1.00	1.345	0.628	0.058
39000	140	200	0.013	0.974	0.15	1.03	1.34	0.634	0.025
40000	143	200	0.011	0.977	0.14	1.06	1.35	0.627	0.000
41000	139	200	0.013	0.975	0.13	1.09	1.352	0.623	0.000
42000	147	200	0.013	0.973	0.12	1.12	1.345	0.628	0.035
43000	144	200	0.013	0.973	0.12	1.14	1.348	0.625	0.000
44000	155	200	0.013	0.974	0.12	1.17	1.348	0.626	0.059
45000	154	200	0.013	0.974	0.14	1.20	1.343	0.631	0.040
46000	148	200	0.013	0.974	0.12	1.23	1.343	0.631	0.074
47000	150	200	0.013	0.975	0.12	1.26	1.346	0.629	0.064
48000	149	200	0.012	0.976	0.12	1.30	1.354	0.622	0.000
49000	144	200	0.013	0.974	0.12	1.33	1.348	0.626	0.000
50000	141	200	0.013	0.973	0.12	1.35	1.345	0.628	0.048
51000	143	200	0.013	0.973	0.11	1.38	1.345	0.628	0.031
52000	143	200	0.013	0.975	0.12	1.41	1.348	0.627	0.000
53000	144	200	0.013	0.973	0.12	1.43	1.345	0.628	0.000
54000	143	200	0.013	0.974	0.12	1.46	1.342	0.632	0.000
55000	137	200	0.011	0.977	0.12	1.49	1.35	0.627	0.000
56000	144	200	0.013	0.975	0.11	1.51	1.351	0.624	0.101
57000	137	200	0.013	0.973	0.11	1.54	1.346	0.627	0.000
58000	137	200	0.013	0.973	0.12	1.56	1.348	0.625	0.000
59000	133	200	0.013	0.975	0.11	1.59	1.347	0.628	0.000
60000	129	200	0.013	0.973	0.11	1.61	1.342	0.631	0.000
61000	129	200	0.013	0.974	0.10	1.63	1.344	0.63	0.025
62000	130	200	0.013	0.975	0.10	1.65	1.345	0.63	0.001
63000	135	200	0.011	0.977	0.10	1.68	1.356	0.621	0.000
64000	140	200	0.013	0.973	0.10	1.71	1.346	0.627	0.017
65000	142	200	0.013	0.973	0.09	1.73	1.344	0.629	0.015
66000	136	200	0.013	0.973	0.09	1.76	1.347	0.626	0.000
67000	136	200	0.013	0.975	0.10	1.79	1.346	0.629	0.011
68000	138	200	0.013	0.973	0.10	1.81	1.345	0.628	0.218
69000	138	200	0.012	0.976	0.10	1.84	1.344	0.632	0.033
70000	140	200	0.013	0.975	0.09	1.86	1.352	0.623	0.000
71000	149	200	0.013	0.975	0.09	1.90	1.35	0.625	0.012
72000	148	200	0.013	0.973	0.09	1.92	1.344	0.629	0.169
73000	144	200	0.013	0.973	0.09	1.95	1.347	0.626	0.016
74000	147	200	0.013	0.975	0.09	1.97	1.347	0.628	0.000
75000	140	200	0.013	0.973	0.10	2.00	1.344	0.629	0.000
76000	134	200	0.013	0.974	0.10	2.03	1.342	0.632	0.043
77000	138	200	0.012	0.976	0.10	2.06	1.348	0.628	0.000
78000	140	200	0.012	0.976	0.11	2.09	1.353	0.623	0.000
79000	139	200	0.013	0.975	0.11	2.12	1.344	0.631	0.011
80000	140	200	0.011	0.979	0.11	2.15	1.349	0.63	0.000
81000	144	200	0.013	0.975	0.10	2.17	1.348	0.627	0.076
82000	144	200	0.011	0.978	0.10	2.20	1.343	0.635	0.000
83000	145	200	0.011	0.979	0.10	2.23	1.345	0.634	0.108
84000	141	200	0.01	0.98	0.10	2.26	1.344	0.636	0.039
85000	142	200	0.009	0.981	0.11	2.29	1.353	0.628	0.000
86000	141	200	0.011	0.979	0.11	2.32	1.349	0.63	0.039
87000	145	200	0.011	0.979	0.10	2.34	1.345	0.634	0.000
88000	146	200	0.01	0.98	0.10	2.37	1.348	0.632	0.000
89000	151	200	0.008	0.984	0.10	2.40	1.346	0.638	0.027
90000	151	200	0.009	0.983	0.10	2.43	1.345	0.638	0.000
91000	143	200	0.008	0.984	0.10	2.46	1.34	0.644	0.000
92000	143	200	0.007	0.985	0.10	2.49	1.35	0.635	0.027
93000	144	200	0.009	0.983	0.10	2.52	1.351	0.632	0.034
94000	142	200	0.007	0.985	0.09	2.55	1.346	0.639	0.000
95000	146	200	0.007	0.985	0.09	2.58	1.348	0.637	0.000
96000	148	200	0.007	0.986	0.09	2.61	1.347	0.639	0.016
97000	145	200	0.007	0.986	0.10	2.64	1.344	0.642	0.037
98000	148	200	0.007	0.985	0.10	2.67	1.342	0.643	0.019
99000	143	200	0.006	0.987	0.10	2.69	1.346	0.641	0.000
100000	137	200	0.007	0.986	0.09	2.73	1.355	0.631	0.080
101000	144	200	0.007	0.985	0.09	2.76	1.348	0.637	0.000
102000	140	200	0.007	0.985	0.09	2.78	1.344	0.641	0.000
103000	142	200	0.007	0.985	0.10	2.81	1.346	0.639	0.032
104000	143	200	0.006	0.987	0.10	2.85	1.347	0.64	0.000
105000	142	200	0.007	0.985	0.10	2.88	1.346	0.639	0.015
106000	141	200	0.007	0.985	0.10	2.90	1.341	0.644	0.002
107000	133	200	0.006	0.988	0.10	2.93	1.351	0.637	0.028
108000	140	200	0.007	0.985	0.11	2.95	1.351	0.634	0.000
109000	144	200	0.007	0.985	0.10	2.98	1.346	0.639	0.040
110000	141	200	0.007	0.985	0.10	3.01	1.348	0.637	0.000
111000	144	200	0.006	0.987	0.11	3.04	1.346	0.641	0.000
112000	141	200	0.007	0.985	0.10	3.07	1.342	0.643	0.000
113000	145	200	0.007	0.985	0.11	3.09	1.345	0.64	0.000
114000	141	200	0.006	0.987	0.12	3.13	1.344	0.643	0.000
115000	138	200	0.007	0.986	0.10	3.15	1.356	0.63	0.000
116000	137	200	0.007	0.985	0.10	3.17	1.346	0.639	0.000
117000	140	200	0.007	0.985	0.11	3.20	1.345	0.64	0.024
118000	138	200	0.007	0.985	0.10	3.22	1.347	0.638	0.021
119000	141	200	0.006	0.987	0.11	3.25	1.345	0.642	0.020
120000	143	200	0.007	0.985	0.10	3.28	1.346	0.639	0.000
121000	144	200	0.006	0.987	0.10	3.31	1.343	0.644	0.000
122000	147	200	0.007	0.986	0.10	3.34	1.353	0.633	0.000
123000	150	200	0.007	0.985	0.10	3.37	1.349	0.636	0.070
124000	151	200	0.007	0.985	0.11	3.40	1.344	0.641	0.000
125000	155	200	0.007	0.985	0.10	3.43	1.348	0.637	0.000
126000	148	200	0.006	0.987	0.09	3.46	1.347	0.64	0.016
127000	145	200	0.007	0.985	0.10	3.49	1.344	0.641	0.000
128000	147	200	0.007	0.985	0.11	3.52	1.341	0.644	0.040
129000	150	200	0.006	0.987	0.10	3.54	1.349	0.638	0.000
130000	145	200	0.007	0.986	0.09	3.57	1.353	0.633	0.037
131000	143	200	0.007	0.985	0.09	3.60	1.344	0.641	0.000
132000	140	200	0.007	0.985	0.10	3.63	1.348	0.637	0.092
133000	144	200	0.007	0.986	0.10	3.66	1.348	0.638	0.000
134000	139	200	0.007	0.986	0.10	3.69	1.344	0.642	0.000
135000	142	200	0.007	0.985	0.11	3.72	1.345	0.64	0.000
136000	141	200	0.006	0.987	0.11	3.74	1.344	0.643	0.000
137000	140	200	0.007	0.986	0.10	3.77	1.352	0.634	0.000
138000	146	200	0.007	0.985	0.10	3.80	1.349	0.636	0.000
139000	140	200	0.007	0.985	0.10	3.83	1.345	0.64	0.000
140000	143	200	0.007	0.985	0.11	3.85	1.349	0.636	0.030
141000	142	200	0.006	0.987	0.10	3.88	1.345	0.642	0.012
142000	143	200	0.007	0.985	0.11	3.91	1.346	0.639	0.000
143000	142	200	0.007	0.985	0.10	3.94	1.34	0.645	0.000
144000	141	200	0.006	0.988	0.11	3.97	1.35	0.638	0.017
145000	142	200	0.007	0.985	0.11	4.00	1.351	0.634	0.000
146000	146	200	0.007	0.985	0.10	4.03	1.346	0.639	0.000
147000	145	200	0.007	0.985	0.12	4.06	1.348	0.637	0.000
148000	139	200	0.007	0.986	0.10	4.08	1.347	0.639	0.026
149000	135	200	0.007	0.986	0.10	4.11	1.343	0.643	0.000
150000	135	200	0.007	0.985	0.10	4.13	1.343	0.642	0.000
151000	131	200	0.006	0.987	0.10	4.15	1.346	0.641	0.000
152000	131	200	0.007	0.986	0.10	4.18	1.355	0.631	0.000
153000	135	200	0.007	0.985	0.11	4.21	1.347	0.638	0.000
154000	134	200	0.007	0.985	0.10	4.23	1.344	0.641	0.000
155000	139	200	0.007	0.985	0.11	4.26	1.346	0.639	0.000
156000	146	200	0.006	0.987	0.11	4.28	1.348	0.639	0.000
157000	149	200	0.007	0.985	0.11	4.31	1.345	0.64	0.000
158000	151	200	0.007	0.985	0.10	4.34	1.341	0.644	0.000
159000	150	200	0.006	0.988	0.10	4.37	1.352	0.636	0.049
160000	147	200	0.007	0.985	0.11	4.41	1.351	0.634	0.000
161000	152	200	0.007	0.985	0.11	4.44	1.345	0.64	0.000
162000	152	200	0.007	0.985	0.11	4.46	1.348	0.637	0.038
163000	143	200	0.006	0.987	0.10	4.49	1.346	0.641	0.012
164000	140	200	0.007	0.985	0.09	4.52	1.343	0.642	0.018
165000	142	200	0.007	0.985	0.10	4.54	1.344	0.641	0.000
166000	137	200	0.006	0.987	0.09	4.57	1.345	0.642	0.000
167000	140	200	0.007	0.986	0.09	4.60	1.356	0.63	0.000
168000	139	200	0.007	0.985	0.07	4.62	1.345	0.64	0.000
169000	146	200	0.007	0.985	0.09	4.65	1.346	0.639	0.065
170000	148	200	0.007	0.985	0.09	4.68	1.347	0.638	0.030
171000	150	200	0.006	0.987	0.09	4.70	1.345	0.642	0.026
172000	150	200	0.007	0.985	0.08	4.74	1.346	0.639	0.105
173000	153	200	0.006	0.987	0.08	4.77	1.343	0.644	0.000
174000	156	200	0.007	0.986	0.08	4.80	1.353	0.633	0.000
175000	153	200	0.007	0.985	0.08	4.82	1.349	0.636	0.000
176000	150	200	0.007	0.985	0.09	4.85	1.344	0.641	0.000
177000	148	200	0.007	0.985	0.10	4.88	1.348	0.637	0.000
178000	149	200	0.006	0.987	0.10	4.91	1.347	0.64	0.000
179000	150	200	0.007	0.985	0.10	4.94	1.344	0.641	0.000
180000	146	200	0.007	0.985	0.10	4.97	1.341	0.644	0.000
181000	147	200	0.006	0.987	0.09	5.00	1.349	0.638	0.000
182000	147	200	0.007	0.986	0.10	5.03	1.353	0.633	0.016
183000	149	200	0.007	0.985	0.10	5.07	1.344	0.641	0.029
184000	143	200	0.007	0.985	0.10	5.10	1.348	0.637	0.000
185000	149	200	0.007	0.986	0.11	5.12	1.348	0.638	0.050
186000	152	200	0.007	0.986	0.11	5.16	1.344	0.642	0.001
187000	152	200	0.007	0.985	0.10	5.19	1.344	0.641	0.123
188000	155	200	0.006	0.987	0.10	5.22	1.345	0.642	0.000
189000	149	200	0.007	0.986	0.09	5.25	1.352	0.634	0.031
190000	150	200	0.007	0.985	0.08	5.29	1.348	0.637	0.083
191000	144	200	0.007	0.985	0.09	5.32	1.346	0.639	0.000
192000	145	200	0.007	0.985	0.10	5.34	1.348	0.637	0.000
193000	145	200	0.006	0.987	0.11	5.38	1.346	0.641	0.000
194000	143	200	0.007	0.985	0.10	5.41	1.345	0.64	0.000
195000	139	200	0.007	0.985	0.10	5.44	1.341	0.644	0.000
196000	146	200	0.006	0.988	0.10	5.47	1.349	0.639	0.023
197000	136	200	0.007	0.985	0.10	5.50	1.351	0.634	0.000
198000	134	200	0.007	0.985	0.09	5.53	1.347	0.638	0.000
199000	139	200	0.007	0.985	0.09	5.55	1.348	0.637	0.000
200000	142	200	0.006	0.987	0.10	5.58	1.347	0.64	0.000
