att1	att2	Phenotype	Fitness	Accuracy	Numerosity	AveMatchSetSize	TimeStampGA	InitTimeStamp	Specificity	DeletionProb	CorrectCount	MatchCount
#	-1.601;-0.407	001	1.000	1.000	4	55.54	399984	114502	0.50		6545	6545
-0.561;0.087	#	101	0.755	0.945	9	62.58	399981	214681	0.50		64250	67967
0.506;0.753	#	110	0.266	0.767	3	59.33	399999	220886	0.50		16935	22066
#	-2.292;-0.407	001	1.000	1.000	2	55.54	399984	233128	0.50		3826	3826
0.506;0.718	#	110	0.237	0.750	1	62.07	399991	234421	0.50		12805	17072
-0.561;0.087	-0.402;0.954	101	1.000	1.000	2	67.83	399981	244695	1.00		53844	53844
-4.238;-0.555	#	001	1.000	1.000	3	60.19	399996	259219	0.50		12912	12912
#	-0.402;0.124	101	0.341	0.806	4	65.11	399997	268336	0.50		28293	35086
#	-0.402;0.102	101	0.328	0.800	1	65.00	399997	282680	0.50		24203	30255
0.742;2.502	0.015;0.419	010	1.000	1.000	1	46.05	399894	282906	1.00		671	671
0.506;0.753	0.139;0.951	110	1.000	1.000	3	61.13	399999	285413	1.00		10833	10833
0.506;0.732	0.139;0.951	110	1.000	1.000	2	64.63	399991	304857	1.00		8173	8173
-4.447;-0.555	#	001	1.000	1.000	1	60.19	399996	308565	0.50		8383	8383
0.089;0.500	0.138;0.909	111	1.000	1.000	3	74.65	399982	309962	1.00		24251	24251
-0.561;0.557	-0.402;0.124	101	1.000	1.000	3	66.14	399997	310442	1.00		19244	19244
0.742;2.936	0.493;2.732	010	1.000	1.000	4	69.97	399998	310654	1.00		2560	2560
0.506;0.739	0.139;0.872	110	1.000	1.000	1	63.36	399991	318674	1.00		6757	6757
-0.561;0.087	-0.402;0.825	101	1.000	1.000	2	68.43	399981	320059	1.00		25882	25882
0.104;0.500	0.142;0.928	111	1.000	1.000	2	75.23	399982	322972	1.00		19202	19202
0.742;3.648	#	010	0.669	0.923	1	65.54	399998	328453	0.50		2460	2666
0.852;2.401	#	010	1.000	1.000	1	70.52	399998	332819	0.50		770	770
0.089;0.500	0.142;0.909	111	1.000	1.000	3	74.65	399982	332896	1.00		17876	17876
0.542;3.511	-0.779;0.157	100	1.000	1.000	4	54.57	399942	333350	1.00		1718	1718
#	0.935;1.255	011	0.132	0.667	1	39.23	399994	336127	0.50		732	1098
0.506;0.739	0.139;0.927	110	1.000	1.000	2	63.24	399991	337088	1.00		5585	5585
-0.561;0.087	-0.402;0.890	101	1.000	1.000	2	67.84	399981	338627	1.00		20754	20754
-0.561;0.057	-0.402;0.825	101	1.000	1.000	3	68.71	399981	340160	1.00		18353	18353
-0.561;0.087	-0.402;0.957	101	1.000	1.000	1	67.83	399981	341374	1.00		20326	20326
0.089;0.500	0.125;0.909	111	1.000	1.000	1	74.65	399982	342586	1.00		15461	15461
-4.679;-0.555	#	001	1.000	1.000	1	60.19	399996	343396	0.50		5192	5192
-0.385;0.547	-1.840;-0.407	001	1.000	1.000	1	52.06	399984	344842	1.00		791	791
0.506;0.718	-0.073;0.904	110	0.501	0.871	1	63.75	399991	346594	1.00		4131	4743
0.442;2.877	-0.515;0.157	100	0.237	0.750	1	53.37	399942	346852	1.00		1369	1826
-4.382;-0.555	#	001	1.000	1.000	1	60.19	399996	348002	0.50		4767	4767
0.089;0.500	0.125;0.928	111	1.000	1.000	2	74.65	399982	348236	1.00		13936	13936
0.542;4.526	-2.157;0.085	100	1.000	1.000	1	59.09	399942	348597	1.00		883	883
0.742;3.246	0.480;1.534	010	1.000	1.000	1	69.97	399998	349139	1.00		1456	1456
-0.091;1.067	0.935;1.801	011	0.131	0.666	1	39.23	399994	351539	1.00		555	833
0.776;3.891	0.480;1.220	010	1.000	1.000	2	70.47	399998	351860	1.00		1241	1241
0.506;0.753	0.350;0.927	110	1.000	1.000	1	65.12	399999	352242	1.00		3693	3693
-0.625;0.616	0.935;1.255	011	0.328	0.800	3	41.59	399994	352833	1.00		541	676
-1.204;0.107	-2.550;-0.407	001	1.000	1.000	1	58.43	399984	352869	1.00		810	810
-1.080;0.557	-0.402;0.124	101	0.476	0.862	1	65.36	399997	353718	1.00		9944	11538
0.742;1.827	0.015;0.419	010	1.000	1.000	2	46.05	399894	353753	1.00		265	265
0.742;3.368	0.641;1.024	010	1.000	1.000	3	70.37	399910	353802	1.00		1189	1189
0.742;2.677	-0.394;0.433	010	1.000	1.000	2	46.05	399894	354524	1.00		260	260
1.560;3.368	#	010	0.100	1.000	1	54.86	354889	354889	0.50		0	0
0.542;4.132	-2.106;0.085	100	1.000	1.000	1	59.09	399942	356317	1.00		750	750
0.089;0.500	0.185;0.909	111	1.000	1.000	4	74.84	399982	356533	1.00		11206	11206
0.542;3.133	-2.106;0.157	100	1.000	1.000	2	54.57	399942	356560	1.00		1119	1119
-0.561;0.557	-0.441;0.124	101	0.724	0.937	1	61.46	399997	357756	1.00		9078	9684
0.542;3.875	-2.157;0.157	100	1.000	1.000	6	54.57	399942	359591	1.00		1040	1040
-0.040;0.557	-0.402;0.124	101	1.000	1.000	1	57.43	399997	359881	1.00		4366	4366
-4.086;-0.555	#	001	1.000	1.000	1	60.19	399996	360915	0.50		3583	3583
0.742;3.246	0.493;0.745	010	1.000	1.000	2	72.18	399998	360934	1.00		559	559
0.742;3.368	0.493;2.732	010	1.000	1.000	2	69.97	399998	361088	1.00		1113	1113
-0.561;0.057	-0.402;0.899	101	1.000	1.000	1	68.06	399981	361326	1.00		12748	12748
-0.561;0.557	-0.402;0.117	101	1.000	1.000	1	66.14	399997	361487	1.00		8273	8273
0.742;3.368	#	010	0.668	0.922	3	65.54	399998	362567	0.50		1285	1393
0.089;0.500	0.218;1.153	111	0.756	0.946	1	70.11	399982	362697	1.00		9300	9835
-0.549;-0.047	-2.950;-0.407	001	1.000	1.000	1	55.63	399950	362956	1.00		424	424
-0.224;0.265	-2.473;-0.407	001	1.000	1.000	1	50.28	399984	362990	1.00		425	425
-0.561;0.057	0.102;0.957	101	1.000	1.000	2	62.49	399981	363412	1.00		7655	7655
-0.625;0.746	0.935;1.255	011	0.132	0.667	1	39.23	399994	364699	1.00		405	607
0.566;3.049	-2.106;0.157	100	1.000	1.000	2	54.43	399942	365138	1.00		798	798
0.742;2.936	0.493;1.816	010	1.000	1.000	2	69.97	399998	366366	1.00		962	962
-0.561;-0.036	-0.402;0.957	101	1.000	1.000	1	67.60	399981	366910	1.00		9390	9390
-0.806;0.557	-0.402;0.102	101	0.590	0.900	1	65.46	399997	367678	1.00		6667	7409
0.506;0.753	0.475;1.028	110	0.792	0.955	1	62.35	399935	367905	1.00		1930	2022
-0.595;0.557	-0.402;0.124	101	1.000	1.000	2	66.14	399997	368685	1.00		6730	6730
-4.238;-0.555	-2.550;0.912	001	1.000	1.000	1	60.32	399996	368696	1.00		2785	2785
-4.602;-0.555	#	001	1.000	1.000	3	60.19	399996	369185	0.50		2829	2829
0.089;0.494	0.224;0.928	111	1.000	1.000	1	75.18	399982	369318	1.00		7387	7387
-0.625;0.746	0.935;1.463	011	0.132	0.667	1	39.23	399994	371217	1.00		330	495
#	-2.550;-0.407	001	1.000	1.000	2	55.54	399984	371366	0.50		657	657
0.506;0.753	0.139;0.927	110	1.000	1.000	2	61.13	399999	371395	1.00		2703	2703
0.542;2.548	-2.157;0.157	100	1.000	1.000	1	54.57	399942	371842	1.00		724	724
0.089;0.500	-0.330;0.732	111	0.206	0.729	1	69.24	399982	373183	1.00		5377	7373
0.739;0.750	0.139;0.951	110	1.000	1.000	1	47.54	399999	373323	1.00		154	154
-1.023;-0.011	-1.631;-0.407	001	1.000	1.000	1	59.42	399950	373426	1.00		380	380
-0.202;0.522	0.224;0.928	111	0.166	0.698	1	72.04	399982	373577	1.00		6663	9540
0.478;0.500	0.138;0.909	111	1.000	1.000	1	69.71	399982	373776	1.00		377	377
0.607;0.753	0.139;0.927	110	1.000	1.000	4	58.37	399999	373913	1.00		1195	1195
0.506;0.753	0.139;0.948	110	1.000	1.000	2	61.13	399999	374536	1.00		2406	2406
-0.259;0.970	0.935;1.255	011	0.132	0.667	1	39.23	399994	374707	1.00		290	435
0.742;3.616	0.493;1.816	010	1.000	1.000	2	69.97	399998	376012	1.00		686	686
-0.075;0.685	0.142;0.928	111	0.167	0.699	1	72.38	399982	376229	1.00		6469	9258
-4.473;-0.555	0.123;0.916	001	1.000	1.000	1	54.83	399969	376832	1.00		1196	1196
-0.595;-0.036	#	101	0.679	0.925	1	63.13	399981	377154	0.50		6486	7009
-4.382;-0.580	-2.292;-0.407	001	1.000	1.000	1	75.55	399670	377334	1.00		64	64
0.742;2.402	0.493;1.534	010	1.000	1.000	1	69.97	399998	377364	1.00		648	648
0.089;0.500	0.396;1.177	111	0.698	0.931	1	68.48	399961	377694	1.00		4286	4606
0.742;2.402	0.493;1.864	010	1.000	1.000	3	69.97	399998	377923	1.00		631	631
0.036;0.638	0.935;1.255	011	1.000	1.000	3	42.50	399994	377961	1.00		253	253
0.742;2.421	0.443;1.864	010	0.620	0.909	1	69.42	399998	378035	1.00		629	692
-0.561;0.087	-0.092;0.825	101	1.000	1.000	1	66.49	399981	378427	1.00		5564	5564
0.506;0.753	0.139;0.872	110	1.000	1.000	1	61.21	399999	378634	1.00		1897	1897
0.089;0.494	-0.032;0.928	111	0.690	0.928	1	74.40	399982	378764	1.00		5538	5965
0.089;0.500	0.142;1.150	111	0.769	0.949	1	70.09	399982	379342	1.00		5501	5798
1.233;3.133	-1.574;0.157	100	0.100	1.000	1	57.61	379447	379447	1.00		0	0
0.506;0.622	#	110	0.753	0.945	1	64.71	399935	379543	0.50		994	1052
0.506;0.739	0.139;0.948	110	1.000	1.000	1	63.24	399991	379543	1.00		1812	1812
-0.063;1.058	0.935;1.729	011	0.131	0.666	1	39.23	399994	379808	1.00		231	347
-4.473;-0.555	0.073;0.912	001	1.000	1.000	1	55.16	399969	379820	1.00		984	984
#	-0.321;0.117	101	0.361	0.816	1	67.35	399997	380016	0.50		3546	4348
0.506;0.739	0.235;0.951	110	1.000	1.000	2	64.80	399991	380216	1.00		1584	1584
-3.997;-0.555	#	001	1.000	1.000	1	60.19	399996	380368	0.50		1802	1802
-3.843;-0.555	#	001	1.000	1.000	1	60.19	399996	381051	0.50		1741	1741
0.566;3.133	-2.106;0.157	100	1.000	1.000	2	54.43	399942	381163	1.00		431	431
0.542;4.132	-2.106;0.157	100	1.000	1.000	2	54.57	399942	381192	1.00		483	483
-3.777;-0.580	-0.172;0.402	001	1.000	1.000	2	63.35	399969	381472	1.00		584	584
-0.595;0.557	0.102;0.132	101	1.000	1.000	1	75.33	399903	381663	1.00		210	210
-0.595;0.557	-0.467;0.102	101	0.591	0.900	1	59.70	399997	381663	1.00		3782	4202
-4.238;-0.555	0.197;0.565	001	1.000	1.000	1	56.43	399866	381689	1.00		421	421
0.742;2.402	#	010	0.669	0.923	3	65.54	399998	381901	0.50		622	674
0.506;0.739	0.139;0.832	110	1.000	1.000	1	63.36	399991	381940	1.00		1498	1498
0.506;0.739	0.350;0.872	110	1.000	1.000	1	65.12	399991	382086	1.00		1230	1230
-0.380;0.557	-0.402;0.102	101	1.000	1.000	1	65.40	399997	382221	1.00		2953	2953
0.742;3.246	#	010	0.668	0.922	3	65.54	399998	382346	0.50		606	657
0.542;3.875	-2.106;0.157	100	1.000	1.000	1	54.57	399942	382450	1.00		451	451
0.104;0.500	0.138;0.909	111	1.000	1.000	2	75.23	399982	382511	1.00		4358	4358
0.089;0.500	0.557;1.251	111	0.603	0.904	1	66.46	399961	382511	1.00		2354	2605
-1.879;0.824	-1.424;-0.407	001	1.000	1.000	2	55.54	399984	382534	1.00		401	401
-0.561;-0.356	-0.021;0.957	101	1.000	1.000	1	65.71	399981	382637	1.00		1145	1145
-3.636;-0.555	#	001	1.000	1.000	2	60.19	399996	382824	0.50		1577	1577
0.506;0.753	0.231;0.948	110	1.000	1.000	2	65.03	399999	382855	1.00		1423	1423
-0.561;0.087	-0.063;0.117	101	1.000	1.000	1	85.05	399903	383119	1.00		868	868
0.506;0.739	0.139;1.533	110	0.853	0.969	1	61.88	399991	383258	1.00		1486	1534
0.089;0.500	0.053;0.825	111	0.747	0.943	1	75.02	399982	383442	1.00		3933	4169
-0.063;0.616	0.935;1.255	011	0.326	0.799	1	41.59	399994	383647	1.00		187	234
-0.561;0.057	#	101	0.744	0.943	3	62.75	399981	383715	0.50		5369	5696
-1.141;0.547	-2.550;-0.407	001	1.000	1.000	1	55.54	399984	384342	1.00		356	356
-5.255;-0.555	-2.550;1.348	001	1.000	1.000	1	60.19	399996	384541	1.00		1421	1421
-4.047;-0.555	0.120;0.786	001	1.000	1.000	1	56.09	399969	384622	1.00		572	572
-0.595;0.087	#	101	0.673	0.924	1	62.57	399981	384677	0.50		5318	5757
-0.094;0.087	-0.021;0.957	101	1.000	1.000	1	65.90	399958	384705	1.00		1054	1054
-0.561;0.285	-0.402;0.825	101	0.240	0.752	1	69.63	399981	384743	1.00		5684	7561
-0.561;0.087	-0.092;0.215	101	1.000	1.000	1	75.07	399981	384873	1.00		1428	1428
0.506;0.753	0.231;0.928	110	1.000	1.000	2	65.03	399999	385027	1.00		1241	1241
0.506;0.739	0.139;0.951	110	1.000	1.000	4	63.24	399991	385081	1.00		1322	1322
0.542;3.133	-0.779;0.157	100	1.000	1.000	2	54.57	399942	385178	1.00		381	381
0.732;0.753	0.235;0.951	110	1.000	1.000	1	62.07	399999	385227	1.00		43	43
-0.549;0.840	-2.950;-0.407	001	1.000	1.000	2	53.41	399984	385389	1.00		291	291
-0.531;0.572	-2.550;-0.407	001	1.000	1.000	1	53.41	399984	385641	1.00		289	289
-1.023;0.547	-2.950;-0.407	001	1.000	1.000	2	55.54	399984	385738	1.00		324	324
0.104;0.500	0.138;0.928	111	1.000	1.000	4	75.23	399982	385921	1.00		3506	3506
-4.602;-0.555	-0.785;0.912	001	1.000	1.000	1	60.32	399996	386102	1.00		1236	1236
-4.382;-0.555	-0.646;1.412	001	1.000	1.000	2	60.19	399996	386173	1.00		1271	1271
0.742;2.402	0.493;1.289	010	1.000	1.000	1	69.97	399998	386387	1.00		390	390
-0.561;0.087	-0.083;0.957	101	1.000	1.000	3	65.62	399981	386545	1.00		3742	3742
-0.595;0.557	-0.402;0.057	101	1.000	1.000	1	64.69	399997	386549	1.00		2542	2542
-0.040;0.557	-0.402;0.102	101	1.000	1.000	1	56.51	399997	386549	1.00		1387	1387
-0.951;0.087	-0.402;0.812	101	0.350	0.811	1	66.76	399981	386856	1.00		4221	5206
0.742;3.891	0.015;0.419	010	1.000	1.000	2	46.05	399894	386908	1.00		75	75
0.506;0.739	#	110	0.248	0.756	3	60.97	399991	386995	0.50		1152	1523
#	-2.366;-0.407	001	1.000	1.000	3	55.54	399984	387071	0.50		297	297
-0.187;0.087	-0.293;0.957	101	1.000	1.000	2	67.37	399958	387469	1.00		1583	1583
0.089;0.500	#	111	0.191	0.718	5	63.21	399982	387489	0.50		3371	4695
0.506;0.753	0.051;0.985	110	0.564	0.892	1	59.46	399999	387524	1.00		1177	1320
0.732;0.753	0.277;0.660	110	1.000	1.000	1	62.11	399999	387784	1.00		35	35
-0.743;0.432	-0.402;0.899	101	0.085	0.611	1	66.89	399997	387872	1.00		5180	8480
0.506;0.803	#	110	0.189	0.717	1	59.16	399999	387946	0.50		1136	1585
0.506;0.739	0.302;0.951	110	1.000	1.000	2	64.84	399991	387981	1.00		926	926
-0.063;1.067	0.935;1.801	011	0.133	0.668	1	39.23	399994	388082	1.00		137	205
-0.091;1.040	1.087;1.255	011	0.013	0.667	1	31.73	388082	388082	1.00		0	0
0.506;1.193	0.350;0.669	110	0.512	0.875	1	64.92	399999	388222	1.00		474	542
0.742;3.368	0.202;1.864	010	0.664	0.921	1	65.54	399998	388353	1.00		399	433
-4.602;-0.580	-0.785;0.320	001	1.000	1.000	1	63.99	399996	388452	1.00		564	564
0.089;0.990	0.125;0.928	111	0.132	0.667	1	70.70	399982	388537	1.00		3154	4727
-4.447;-0.555	0.416;0.997	001	1.000	1.000	1	53.50	399943	388985	1.00		410	410
0.506;0.753	0.714;0.872	110	1.000	1.000	1	63.22	399935	389066	1.00		218	218
-4.749;-0.555	0.221;1.537	001	1.000	1.000	1	54.54	399943	389124	1.00		498	498
-0.727;0.557	-2.950;-0.407	001	1.000	1.000	1	55.54	399984	389131	1.00		250	250
-0.508;0.197	-0.021;0.957	101	0.277	0.773	1	65.43	399981	389268	1.00		2831	3660
0.742;2.519	0.015;0.682	010	0.231	0.746	1	57.06	399998	389424	1.00		91	122
0.104;0.500	#	111	0.191	0.718	2	63.30	399982	389434	0.50		2629	3661
0.089;0.500	0.515;1.252	111	0.650	0.917	1	67.13	399961	389457	1.00		1689	1841
0.525;3.487	-0.784;0.122	100	1.000	1.000	1	59.09	399942	389472	1.00		180	180
#	-2.950;-0.407	001	1.000	1.000	3	55.54	399984	389514	0.50		241	241
0.089;0.500	0.138;0.928	111	1.000	1.000	2	74.65	399982	389584	1.00		2806	2806
-0.561;0.414	-0.402;0.899	101	0.136	0.671	1	69.51	399981	389739	1.00		4353	6490
0.742;3.246	0.015;0.419	010	1.000	1.000	3	46.04	399894	389773	1.00		58	58
0.542;3.487	-0.784;0.157	100	1.000	1.000	1	54.57	399942	389779	1.00		262	262
0.506;0.753	0.139;0.787	110	1.000	1.000	1	61.19	399999	389835	1.00		872	872
0.742;2.936	0.533;2.732	010	1.000	1.000	1	70.37	399910	390055	1.00		254	254
0.742;3.833	0.454;1.092	010	0.612	0.906	1	69.42	399998	390138	1.00		281	310
-5.567;-0.555	#	001	1.000	1.000	1	60.19	399996	390153	0.50		905	905
-0.864;0.569	0.935;1.255	011	0.328	0.800	1	41.59	399994	390222	1.00		112	140
-0.320;0.728	-0.402;0.057	101	0.613	0.907	1	62.47	399997	390323	1.00		1332	1469
-5.451;-0.555	-0.785;1.348	001	1.000	1.000	1	60.19	399996	390381	1.00		885	885
0.742;3.246	-0.173;0.015	010	0.100	1.000	1	37.00	390398	390398	1.00		0	0
-4.334;-0.555	0.430;0.983	001	1.000	1.000	2	53.30	399943	390730	1.00		319	319
0.089;0.500	0.224;0.928	111	1.000	1.000	3	74.84	399982	390877	1.00		2274	2274
0.506;0.739	0.318;0.927	110	1.000	1.000	1	64.90	399991	390939	1.00		674	674
0.506;0.753	0.350;1.267	110	0.833	0.964	1	63.70	399999	390939	1.00		700	726
0.742;1.827	0.015;0.440	010	1.000	1.000	1	46.05	399894	391169	1.00		50	50
0.506;0.753	0.078;0.927	110	0.650	0.917	1	60.40	399999	391183	1.00		832	907
0.089;0.500	0.153;0.861	111	1.000	1.000	2	75.11	399982	391188	1.00		2140	2140
0.089;0.500	-0.070;0.694	111	0.574	0.895	1	74.68	399982	391376	1.00		1701	1901
-4.602;-0.580	-0.646;0.320	001	1.000	1.000	1	63.99	399996	391521	1.00		416	416
-4.310;-0.555	#	001	1.000	1.000	1	60.19	399996	391521	0.50		781	781
-4.238;-0.555	-2.550;1.348	001	1.000	1.000	1	60.19	399996	391777	1.00		757	757
0.742;3.833	#	010	0.660	0.920	1	65.54	399998	391883	0.50		277	301
-0.561;0.087	-0.090;0.957	101	1.000	1.000	1	65.62	399981	391958	1.00		2255	2255
0.742;2.402	0.493;2.607	010	1.000	1.000	2	69.97	399998	391995	1.00		229	229
0.506;1.581	0.235;0.951	110	0.200	0.725	1	65.86	399999	392061	1.00		658	908
0.176;0.500	0.138;0.909	111	1.000	1.000	2	75.30	399982	392102	1.00		1653	1653
0.089;1.283	0.224;0.928	111	0.149	0.683	1	72.00	399982	392120	1.00		1986	2907
1.462;2.936	0.493;2.732	010	0.100	1.000	1	56.10	392149	392149	1.00		0	0
-0.564;-0.561	-0.402;0.825	101	0.100	1.000	1	77.84	392187	392187	1.00		0	0
-5.255;-0.555	-2.550;2.111	001	1.000	1.000	1	60.19	399996	392234	1.00		714	714
0.506;0.545	0.318;0.951	110	1.000	1.000	1	67.15	399885	392483	1.00		193	193
0.742;2.401	0.493;1.864	010	1.000	1.000	1	69.97	399998	392498	1.00		213	213
-0.864;0.630	0.935;1.255	011	0.320	0.796	2	41.59	399994	392506	1.00		86	108
0.089;0.500	-0.253;1.245	111	0.296	0.784	1	66.47	399982	392516	1.00		2012	2567
0.089;0.494	#	111	0.181	0.711	2	62.97	399982	392516	0.50		1946	2738
-0.561;0.414	-0.402;0.825	101	0.143	0.678	1	69.70	399981	392531	1.00		2997	4422
0.628;4.132	-2.106;0.090	100	1.000	1.000	1	59.69	399942	392571	1.00		106	106
0.542;3.875	-0.614;-0.048	100	1.000	1.000	2	58.93	399942	392613	1.00		105	105
0.542;3.332	-2.157;0.157	100	1.000	1.000	3	54.57	399942	392613	1.00		189	189
-3.662;-0.555	#	001	1.000	1.000	1	60.19	399996	392649	0.50		674	674
-0.561;0.087	0.050;0.957	101	1.000	1.000	1	64.49	399981	392732	1.00		1751	1751
0.089;0.500	0.393;0.909	111	1.000	1.000	1	73.67	399961	392842	1.00		1396	1396
0.089;0.500	0.224;1.617	111	0.752	0.945	1	70.11	399982	392931	1.00		1757	1860
-3.636;-0.555	-0.646;0.912	001	1.000	1.000	1	60.32	399996	392979	1.00		625	625
0.742;2.401	0.263;0.801	010	0.497	0.870	1	68.00	399998	393018	1.00		140	161
0.036;0.638	1.255;1.536	011	0.100	1.000	1	35.31	393070	393070	1.00		0	0
-0.561;0.087	0.050;0.954	101	1.000	1.000	1	64.49	399981	393077	1.00		1668	1668
-0.595;0.557	-0.243;0.451	101	0.160	0.693	1	67.84	399997	393132	1.00		1597	2304
0.742;2.936	0.116;1.024	010	0.664	0.921	1	65.54	399998	393165	1.00		234	254
0.742;2.936	0.111;2.732	010	0.661	0.921	1	65.54	399998	393196	1.00		232	252
0.089;0.145	0.142;0.928	111	1.000	1.000	1	66.02	399845	393231	1.00		288	288
-0.561;-0.036	-0.083;0.957	101	1.000	1.000	1	65.89	399981	393268	1.00		1546	1546
-0.573;0.087	-0.402;0.890	101	0.959	0.992	1	67.82	399981	393339	1.00		2252	2271
#	-0.293;0.124	101	0.413	0.838	1	68.73	399997	393392	0.50		1079	1288
-1.133;0.087	-0.402;0.957	101	0.329	0.800	1	66.33	399981	393430	1.00		2282	2851
#	1.255;1.434	011	0.034	0.805	1	37.54	393553	393553	0.50		0	0
-5.451;-0.555	-0.785;0.912	001	1.000	1.000	1	60.32	399996	393555	1.00		576	576
0.742;3.891	#	010	0.658	0.920	2	65.54	399998	393612	0.50		218	237
-0.286;0.414	-0.402;0.124	101	1.000	1.000	1	65.64	399966	393853	1.00		897	897
-0.128;0.557	-0.408;0.124	101	1.000	1.000	1	59.75	399997	393853	1.00		791	791
#	-0.402;0.384	101	0.093	0.622	1	65.54	399997	393891	0.50		1786	2870
-0.595;0.557	-0.566;0.124	101	0.597	0.902	1	59.84	399997	394006	1.00		1287	1427
-4.602;-0.555	-0.785;2.025	001	1.000	1.000	1	60.19	399996	394026	1.00		549	549
#	-0.402;0.468	101	0.077	0.599	1	65.45	399997	394078	0.50		1900	3170
-4.473;-0.555	0.041;1.347	001	1.000	1.000	1	54.83	399969	394303	1.00		294	294
-5.451;-0.555	#	001	1.000	1.000	4	60.19	399996	394394	0.50		514	514
0.855;3.049	-2.106;0.157	100	0.100	1.000	1	50.33	394425	394425	1.00		0	0
-0.187;0.057	0.212;0.957	101	1.000	1.000	1	64.63	399958	394449	1.00		432	432
0.089;0.500	0.142;1.005	111	0.770	0.949	1	70.09	399982	394470	1.00		1475	1554
0.506;0.576	#	110	0.673	0.924	1	65.68	399885	394650	0.50		182	197
-5.255;-1.283	-2.550;1.348	001	0.100	1.000	1	71.01	394690	394690	1.00		0	0
-0.063;0.638	0.935;1.255	011	0.322	0.797	1	41.60	399994	394815	1.00		59	74
0.089;0.500	0.142;0.928	111	1.000	1.000	4	74.65	399982	394845	1.00		1373	1373
-0.269;0.526	0.138;1.538	111	0.107	0.640	1	68.05	399982	394868	1.00		1410	2204
0.089;0.500	0.153;0.909	111	1.000	1.000	2	74.66	399982	394868	1.00		1336	1336
-4.602;-0.555	-2.550;1.348	001	1.000	1.000	1	60.19	399996	395083	1.00		452	452
-0.128;0.557	-0.408;0.313	101	0.194	0.720	1	63.00	399997	395115	1.00		685	951
-4.022;-0.555	-2.366;-0.407	001	1.000	1.000	1	74.96	399670	395133	1.00		13	13
0.742;3.246	0.700;0.745	010	1.000	1.000	1	72.63	399744	395136	1.00		41	41
0.104;0.500	0.103;0.909	111	0.947	0.989	1	75.22	399982	395243	1.00		1184	1197
0.742;2.936	0.641;1.179	010	1.000	1.000	1	70.37	399910	395259	1.00		120	120
0.742;3.368	0.669;1.344	010	1.000	1.000	1	70.37	399910	395259	1.00		120	120
#	-0.402;0.282	101	0.135	0.670	1	65.24	399997	395270	0.50		1233	1841
-0.561;-0.036	0.050;0.957	101	1.000	1.000	1	64.44	399981	395270	1.00		937	937
-5.451;-1.362	-0.785;1.348	001	0.100	1.000	1	69.94	395300	395300	1.00		0	0
#	-0.402;0.117	101	0.337	0.805	2	65.11	399997	395372	0.50		993	1234
0.286;0.572	-2.550;-0.407	001	0.100	1.000	1	47.69	395447	395447	1.00		0	0
0.776;2.401	0.480;1.156	010	1.000	1.000	1	70.47	399998	395461	1.00		117	117
0.506;1.397	0.139;0.927	110	0.212	0.733	1	61.78	399999	395462	1.00		429	585
-0.561;0.557	-0.738;0.117	101	0.606	0.905	1	59.84	399997	395496	1.00		967	1069
0.176;0.685	0.142;0.928	111	0.265	0.767	1	73.67	399982	395663	1.00		931	1214
-0.075;0.631	0.224;0.928	111	0.195	0.721	1	73.04	399982	395663	1.00		1091	1513
-5.451;-0.555	-2.550;1.053	001	1.000	1.000	1	60.19	399996	395737	1.00		393	393
0.164;0.833	0.142;0.909	111	0.144	0.679	1	71.26	399982	395739	1.00		951	1401
0.742;3.246	0.493;1.816	010	1.000	1.000	1	69.97	399998	395834	1.00		119	119
0.742;2.936	0.201;0.745	010	0.509	0.874	1	64.56	399998	395834	1.00		83	95
0.077;0.087	-0.021;0.899	101	1.000	1.000	1	64.62	399692	395869	1.00		35	35
-0.561;-0.036	#	101	0.785	0.953	2	63.15	399981	395943	0.50		1152	1209
-4.334;-0.555	-0.391;0.161	001	1.000	1.000	1	65.38	399996	395945	1.00		153	153
-4.683;-0.555	-0.433;0.204	001	1.000	1.000	1	64.29	399996	395945	1.00		187	187
0.742;3.368	0.408;1.272	010	0.635	0.913	1	67.67	399998	395957	1.00		126	138
0.003;0.708	0.935;1.255	011	0.132	0.667	1	39.23	399994	396345	1.00		42	63
-0.864;0.638	0.935;1.255	011	0.313	0.792	1	41.59	399994	396345	1.00		42	53
0.742;2.402	0.471;1.377	010	1.000	1.000	1	69.97	399998	396380	1.00		102	102
#	-0.092;0.215	101	0.138	0.673	1	65.78	399981	396384	0.50		421	626
-4.683;-0.555	-0.876;0.030	001	1.000	1.000	1	65.34	399996	396529	1.00		139	139
-0.955;0.202	-2.950;-0.407	001	1.000	1.000	1	56.48	399984	396557	1.00		67	67
0.506;1.251	0.139;0.927	110	0.209	0.731	1	61.78	399999	396565	1.00		321	439
0.542;4.615	-0.614;-0.048	100	1.000	1.000	1	58.96	399942	396585	1.00		48	48
-0.809;0.557	-0.402;0.124	101	0.595	0.901	1	65.61	399997	396605	1.00		730	810
#	-1.631;-0.407	001	1.000	1.000	1	55.54	399984	396634	0.50		75	75
#	-0.402;-0.231	101	0.282	0.776	1	62.43	399966	396672	0.50		267	344
0.742;2.421	-0.296;0.752	010	0.484	0.865	1	64.56	399998	396753	1.00		64	74
#	-1.063;0.102	101	0.190	0.717	1	59.70	399997	396845	0.50		650	906
-1.754;-0.555	-2.950;-0.407	001	1.000	1.000	1	75.38	399670	396878	1.00		8	8
-4.022;0.547	-2.366;-0.407	001	1.000	1.000	1	55.54	399984	396878	1.00		71	71
-0.868;0.087	0.050;0.957	101	0.396	0.831	1	63.48	399981	397050	1.00		713	858
0.742;2.502	#	010	0.644	0.916	1	65.54	399998	397102	0.50		98	107
0.104;0.500	0.358;0.868	111	1.000	1.000	1	75.21	399907	397212	1.00		503	503
-0.561;0.087	0.237;1.002	101	0.924	0.984	1	61.36	399958	397225	1.00		502	510
0.742;3.246	0.480;1.102	010	1.000	1.000	1	69.96	399998	397257	1.00		78	78
0.506;0.753	0.139;0.337	110	1.000	1.000	2	47.14	399956	397263	1.00		45	45
0.566;2.552	-2.106;0.157	100	1.000	1.000	2	54.43	399942	397283	1.00		61	61
-0.561;0.087	-0.402;1.585	101	0.958	0.991	1	67.81	399981	397357	1.00		919	927
-0.187;0.087	-0.083;0.890	101	1.000	1.000	1	66.66	399958	397357	1.00		280	280
0.742;2.936	0.248;1.816	010	0.610	0.906	1	67.67	399998	397555	1.00		77	85
-0.561;0.087	-0.339;0.185	101	1.000	1.000	1	74.84	399981	397590	1.00		320	320
0.742;2.741	0.493;1.179	010	1.000	1.000	1	69.97	399998	397776	1.00		62	62
0.742;2.936	#	010	0.640	0.915	1	65.54	399998	397776	0.50		75	82
-5.451;-0.555	-2.550;1.348	001	1.000	1.000	1	60.19	399996	397831	1.00		201	201
#	-2.991;-0.407	001	1.000	1.000	1	55.57	399984	397953	0.50		44	44
0.776;3.368	0.480;1.864	010	1.000	1.000	1	70.48	399998	397955	1.00		52	52
0.742;3.245	#	010	0.663	0.921	1	65.54	399998	397955	0.50		70	76
0.506;0.739	0.235;1.019	110	0.833	0.964	1	63.24	399991	397961	1.00		161	167
0.089;0.500	0.125;0.275	111	1.000	1.000	2	68.66	399982	398162	1.00		63	63
#	-0.402;0.167	101	0.227	0.743	1	65.07	399997	398194	0.50		408	549
-0.519;0.349	-2.550;-0.407	001	1.000	1.000	1	53.50	399984	398205	1.00		37	37
#	-2.610;-0.407	001	1.000	1.000	1	55.61	399984	398239	0.50		41	41
0.036;0.569	0.935;1.255	011	1.000	1.000	1	42.36	399994	398305	1.00		19	19
0.776;2.936	0.480;1.816	010	1.000	1.000	1	70.51	399998	398400	1.00		40	40
0.742;3.891	0.606;1.074	010	1.000	1.000	1	70.42	399910	398400	1.00		39	39
0.506;0.739	0.235;0.927	110	1.000	1.000	3	64.80	399991	398628	1.00		109	109
0.442;0.500	#	111	0.224	0.741	1	64.60	399982	398634	0.50		43	58
-0.595;0.557	#	101	0.053	0.556	1	60.38	399997	398637	0.50		597	1073
0.089;0.145	0.125;0.928	111	1.000	1.000	1	65.34	399845	398798	1.00		53	53
-4.602;-0.563	-0.785;0.912	001	1.000	1.000	1	60.32	399996	398887	1.00		101	101
-5.567;-0.555	-0.785;0.912	001	1.000	1.000	2	60.32	399996	398972	1.00		91	91
-0.561;0.057	0.050;0.957	101	1.000	1.000	2	64.80	399981	399052	1.00		217	217
-0.286;0.557	-0.402;0.124	101	1.000	1.000	1	62.86	399997	399184	1.00		125	125
-0.380;0.414	-0.706;0.327	101	0.316	0.794	1	66.22	399966	399184	1.00		166	209
-0.561;0.057	-0.915;0.899	101	0.765	0.948	1	62.77	399981	399188	1.00		272	287
-3.997;-0.555	-1.631;-0.407	001	1.000	1.000	1	78.00	399670	399321	1.00		1	1
0.742;3.368	0.641;0.745	010	1.000	1.000	1	74.83	399827	399351	1.00		6	6
0.742;3.368	-0.394;0.433	010	1.000	1.000	1	46.33	399894	399472	1.00		3	3
0.506;0.753	0.233;1.012	110	0.878	0.974	1	63.75	399999	399498	1.00		38	39
0.104;0.500	-0.156;0.538	111	0.227	0.744	1	72.02	399982	399725	1.00		29	39
0.742;3.368	0.466;0.962	010	0.463	0.857	1	69.14	399998	399744	1.00		6	7
-4.447;-0.635	-2.550;0.997	001	1.000	1.000	1	61.21	399996	399804	1.00		14	14
0.315;1.002	0.747;1.158	010	0.001	0.250	1	55.34	399910	399829	1.00		3	12
#	0.781;1.135	001	0.000	0.188	1	55.32	399943	399878	0.50		3	16
0.525;3.487	#	100	0.000	0.100	1	60.20	399942	399900	0.50		1	10
0.506;0.753	0.186;0.337	110	1.000	1.000	1	33.00	399956	399923	1.00		1	1
0.426;0.506	0.139;0.951	110	0.000	0.000	1	68.29	399923	399923	1.00		0	7
0.104;0.500	0.142;0.805	111	1.000	1.000	1	75.81	399982	399933	1.00		12	12
-5.451;0.330	-2.550;1.053	001	0.005	0.350	1	63.19	399996	399969	1.00		7	20
-1.023;0.547	-0.830;-0.023	001	0.061	0.571	1	54.43	399996	399984	1.00		4	7
0.506;0.753	0.092;0.927	110	1.000	1.000	1	67.00	399999	399991	1.00		1	1
#	0.139;0.872	110	0.004	0.333	1	70.33	399999	399991	0.50		1	3
